1.871216201782226562e+01, 1.108763961791992188e+02, 1.180089111328125000e+02, -9.536442565917968750e+01
1.877921295166015625e+01, 1.108681259155273438e+02, 1.165280532836914062e+02, -9.435868072509765625e+01
1.882896423339843750e+01, 1.108497848510742188e+02, 1.161699066162109375e+02, -9.419425201416015625e+01
1.891727638244628906e+01, 1.108409652709960938e+02, 1.154689788818359375e+02, -9.421350860595703125e+01
1.896782684326171875e+01, 1.108295364379882812e+02, 1.150387954711914062e+02, -9.409092712402343750e+01
1.901987075805664062e+01, 1.108161544799804688e+02, 1.142688980102539062e+02, -9.365297698974609375e+01
1.906948661804199219e+01, 1.108098754882812500e+02, 1.134680862426757812e+02, -9.320632934570312500e+01
1.913931465148925781e+01, 1.108060989379882812e+02, 1.129553298950195312e+02, -9.309691619873046875e+01
1.920341873168945312e+01, 1.107917327880859375e+02, 1.123579483032226562e+02, -9.273419189453125000e+01
1.929386711120605469e+01, 1.107755661010742188e+02, 1.118001327514648438e+02, -9.253401947021484375e+01
1.935978889465332031e+01, 1.107634887695312500e+02, 1.111122741699218750e+02, -9.232937622070312500e+01
1.940562248229980469e+01, 1.107655181884765625e+02, 1.103859024047851562e+02, -9.193029785156250000e+01
1.945170593261718750e+01, 1.107572479248046875e+02, 1.098114242553710938e+02, -9.201924133300781250e+01
1.951092529296875000e+01, 1.107496795654296875e+02, 1.086318817138671875e+02, -9.151956176757812500e+01
1.958989143371582031e+01, 1.107408065795898438e+02, 1.078161239624023438e+02, -9.114789581298828125e+01
1.965174484252929688e+01, 1.107335281372070312e+02, 1.071728134155273438e+02, -9.088539886474609375e+01
1.970689010620117188e+01, 1.107302017211914062e+02, 1.065390319824218750e+02, -9.061717224121093750e+01
1.976506805419921875e+01, 1.107284851074218750e+02, 1.059399414062500000e+02, -9.004515075683593750e+01
1.982140159606933594e+01, 1.107168884277343750e+02, 1.050757064819335938e+02, -8.972077941894531250e+01
1.987880516052246094e+01, 1.107199935913085938e+02, 1.042259445190429688e+02, -8.930123138427734375e+01
1.991386413574218750e+01, 1.107158126831054688e+02, 1.040822296142578125e+02, -8.910533142089843750e+01
1.998929595947265625e+01, 1.107139587402343750e+02, 1.034206466674804688e+02, -8.892786407470703125e+01
2.005670547485351562e+01, 1.106984176635742188e+02, 1.027741851806640625e+02, -8.857262420654296875e+01
2.012377738952636719e+01, 1.106911849975585938e+02, 1.023495941162109375e+02, -8.841059875488281250e+01
2.017521286010742188e+01, 1.106754074096679688e+02, 1.026235504150390625e+02, -8.901377868652343750e+01
2.019818496704101562e+01, 1.106524124145507812e+02, 1.021574935913085938e+02, -8.881335449218750000e+01
2.025078010559082031e+01, 1.106498489379882812e+02, 1.019215850830078125e+02, -8.871427154541015625e+01
2.031921768188476562e+01, 1.106584548950195312e+02, 1.017575149536132812e+02, -8.905981445312500000e+01
2.035831832885742188e+01, 1.106396636962890625e+02, 1.016005859375000000e+02, -8.892604064941406250e+01
2.041497993469238281e+01, 1.106308059692382812e+02, 1.012108230590820312e+02, -8.876939392089843750e+01
2.046770095825195312e+01, 1.106106185913085938e+02, 1.007958984375000000e+02, -8.867762756347656250e+01
2.050464439392089844e+01, 1.105928802490234375e+02, 1.007607498168945312e+02, -8.876758575439453125e+01
2.055133628845214844e+01, 1.105736465454101562e+02, 9.978063201904296875e+01, -8.817023468017578125e+01
2.062353134155273438e+01, 1.105749053955078125e+02, 9.922625732421875000e+01, -8.796456146240234375e+01
2.070156478881835938e+01, 1.105612945556640625e+02, 9.854038238525390625e+01, -8.760630798339843750e+01
2.075186729431152344e+01, 1.105557403564453125e+02, 9.777055358886718750e+01, -8.706514739990234375e+01
2.083960533142089844e+01, 1.105451812744140625e+02, 9.711565399169921875e+01, -8.689907073974609375e+01
2.090234565734863281e+01, 1.105246276855468750e+02, 9.677119445800781250e+01, -8.661651611328125000e+01
2.097637176513671875e+01, 1.105191879272460938e+02, 9.657025146484375000e+01, -8.662030029296875000e+01
2.103345108032226562e+01, 1.105197906494140625e+02, 9.601613616943359375e+01, -8.636931610107421875e+01
2.109730720520019531e+01, 1.105144882202148438e+02, 9.547784423828125000e+01, -8.602532958984375000e+01
2.115550804138183594e+01, 1.105133132934570312e+02, 9.532579803466796875e+01, -8.631966400146484375e+01
2.122817611694335938e+01, 1.105039672851562500e+02, 9.445063781738281250e+01, -8.575242614746093750e+01
2.129384231567382812e+01, 1.104725341796875000e+02, 9.377448272705078125e+01, -8.521266174316406250e+01
2.136748123168945312e+01, 1.104559249877929688e+02, 9.294720458984375000e+01, -8.484362030029296875e+01
2.144734382629394531e+01, 1.104430007934570312e+02, 9.265324401855468750e+01, -8.495033264160156250e+01
2.153194427490234375e+01, 1.104427719116210938e+02, 9.190819549560546875e+01, -8.447092437744140625e+01
2.159399414062500000e+01, 1.104389343261718750e+02, 9.173841094970703125e+01, -8.473155212402343750e+01
2.166134262084960938e+01, 1.104339065551757812e+02, 9.144211578369140625e+01, -8.477029418945312500e+01
2.172267723083496094e+01, 1.104305419921875000e+02, 9.081951904296875000e+01, -8.454306030273437500e+01
2.180190086364746094e+01, 1.104187316894531250e+02, 9.023800659179687500e+01, -8.450138854980468750e+01
2.186881828308105469e+01, 1.104060592651367188e+02, 8.944977569580078125e+01, -8.398921966552734375e+01
2.194211196899414062e+01, 1.103958816528320312e+02, 8.874003601074218750e+01, -8.332265472412109375e+01
2.200586128234863281e+01, 1.103889160156250000e+02, 8.780186462402343750e+01, -8.281835174560546875e+01
2.206154632568359375e+01, 1.103857269287109375e+02, 8.765779876708984375e+01, -8.313153839111328125e+01
2.214570617675781250e+01, 1.103406753540039062e+02, 8.710148620605468750e+01, -8.263007354736328125e+01
2.222008705139160156e+01, 1.103381118774414062e+02, 8.671987915039062500e+01, -8.257382965087890625e+01
2.229074859619140625e+01, 1.103348159790039062e+02, 8.605329895019531250e+01, -8.223680114746093750e+01
2.234656143188476562e+01, 1.103239364624023438e+02, 8.518258666992187500e+01, -8.172454071044921875e+01
2.240915870666503906e+01, 1.103051910400390625e+02, 8.434935760498046875e+01, -8.117027282714843750e+01
2.250188064575195312e+01, 1.103034667968750000e+02, 8.393036651611328125e+01, -8.103529357910156250e+01
2.255569458007812500e+01, 1.103006286621093750e+02, 8.316284942626953125e+01, -8.056032562255859375e+01
2.259612274169921875e+01, 1.102806549072265625e+02, 8.299716186523437500e+01, -8.047162628173828125e+01
2.266604995727539062e+01, 1.102597351074218750e+02, 8.264080047607421875e+01, -8.022579956054687500e+01
2.272002601623535156e+01, 1.102423095703125000e+02, 8.274932098388671875e+01, -8.067747497558593750e+01
2.279063034057617188e+01, 1.102241363525390625e+02, 8.201728057861328125e+01, -8.022113037109375000e+01
2.286580657958984375e+01, 1.102108535766601562e+02, 8.180477142333984375e+01, -8.052281188964843750e+01
2.295321655273437500e+01, 1.101907196044921875e+02, 8.158608245849609375e+01, -8.052262878417968750e+01
2.302664947509765625e+01, 1.101686630249023438e+02, 8.138642120361328125e+01, -8.082382202148437500e+01
2.310377311706542969e+01, 1.101556015014648438e+02, 8.098464965820312500e+01, -8.083374023437500000e+01
2.318120574951171875e+01, 1.101405792236328125e+02, 8.097576904296875000e+01, -8.106316375732421875e+01
2.328695487976074219e+01, 1.101266021728515625e+02, 8.063050079345703125e+01, -8.120588684082031250e+01
2.335415267944335938e+01, 1.101211013793945312e+02, 8.051938629150390625e+01, -8.143032836914062500e+01
2.341292190551757812e+01, 1.101111907958984375e+02, 7.976792907714843750e+01, -8.101633453369140625e+01
2.347737884521484375e+01, 1.100772018432617188e+02, 7.973229980468750000e+01, -8.112098693847656250e+01
2.354211425781250000e+01, 1.100626449584960938e+02, 7.943906402587890625e+01, -8.120351409912109375e+01
2.359183311462402344e+01, 1.100466232299804688e+02, 7.876758575439453125e+01, -8.097919464111328125e+01
2.366287422180175781e+01, 1.100345458984375000e+02, 7.779721832275390625e+01, -8.028748321533203125e+01
2.374175262451171875e+01, 1.100327301025390625e+02, 7.721802520751953125e+01, -8.017503356933593750e+01
2.380313110351562500e+01, 1.100137710571289062e+02, 7.687025451660156250e+01, -7.988571929931640625e+01
2.385176658630371094e+01, 1.100052947998046875e+02, 7.647254943847656250e+01, -7.977217864990234375e+01
2.389475631713867188e+01, 1.100100936889648438e+02, 7.651421356201171875e+01, -8.029890441894531250e+01
2.396382522583007812e+01, 1.100061264038085938e+02, 7.608658599853515625e+01, -8.010968017578125000e+01
2.403857612609863281e+01, 1.099889526367187500e+02, 7.604576110839843750e+01, -8.060293579101562500e+01
2.410903358459472656e+01, 1.099725418090820312e+02, 7.587267303466796875e+01, -8.076560211181640625e+01
2.419157028198242188e+01, 1.099513473510742188e+02, 7.533501434326171875e+01, -8.057059478759765625e+01
2.427536582946777344e+01, 1.099357604980468750e+02, 7.536163330078125000e+01, -8.099286651611328125e+01
2.434949302673339844e+01, 1.099231872558593750e+02, 7.507122802734375000e+01, -8.101447296142578125e+01
2.442720985412597656e+01, 1.099161758422851562e+02, 7.499618530273437500e+01, -8.110422515869140625e+01
2.448451423645019531e+01, 1.098996429443359375e+02, 7.483847045898437500e+01, -8.125417327880859375e+01
2.453398704528808594e+01, 1.099014816284179688e+02, 7.431178283691406250e+01, -8.083957672119140625e+01
2.461561012268066406e+01, 1.098773269653320312e+02, 7.405928039550781250e+01, -8.105246734619140625e+01
2.469472885131835938e+01, 1.098517456054687500e+02, 7.385515594482421875e+01, -8.116348266601562500e+01
2.474250793457031250e+01, 1.098403320312500000e+02, 7.361631774902343750e+01, -8.129247283935546875e+01
2.480084991455078125e+01, 1.098358840942382812e+02, 7.312750244140625000e+01, -8.105408477783203125e+01
2.485667610168457031e+01, 1.098229751586914062e+02, 7.309384155273437500e+01, -8.130328369140625000e+01
2.496304321289062500e+01, 1.098126144409179688e+02, 7.250904083251953125e+01, -8.112320709228515625e+01
2.502570915222167969e+01, 1.097906951904296875e+02, 7.222763061523437500e+01, -8.105990600585937500e+01
2.510805702209472656e+01, 1.097742004394531250e+02, 7.241605377197265625e+01, -8.142121124267578125e+01
2.516354560852050781e+01, 1.097700042724609375e+02, 7.151865386962890625e+01, -8.056355285644531250e+01
2.524132919311523438e+01, 1.097690887451171875e+02, 7.149479675292968750e+01, -8.078547668457031250e+01
2.530620002746582031e+01, 1.097580718994140625e+02, 7.118362426757812500e+01, -8.089805603027343750e+01
2.539056777954101562e+01, 1.097425155639648438e+02, 7.033249664306640625e+01, -8.030788421630859375e+01
2.546133422851562500e+01, 1.097382888793945312e+02, 6.983348083496093750e+01, -8.020046234130859375e+01
2.551728630065917969e+01, 1.097190093994140625e+02, 6.978086853027343750e+01, -8.040306854248046875e+01
2.556352043151855469e+01, 1.097072906494140625e+02, 6.979066467285156250e+01, -8.071509552001953125e+01
2.566502380371093750e+01, 1.096947937011718750e+02, 6.937223815917968750e+01, -8.075677490234375000e+01
2.571776962280273438e+01, 1.096813049316406250e+02, 6.926781463623046875e+01, -8.078869628906250000e+01
2.581369590759277344e+01, 1.096658172607421875e+02, 6.899469757080078125e+01, -8.093594360351562500e+01
2.588185501098632812e+01, 1.096341094970703125e+02, 6.873490905761718750e+01, -8.098048400878906250e+01
2.592112350463867188e+01, 1.096257476806640625e+02, 6.823485565185546875e+01, -8.072180938720703125e+01
2.602077674865722656e+01, 1.096096115112304688e+02, 6.803925323486328125e+01, -8.062451934814453125e+01
2.610868072509765625e+01, 1.095843658447265625e+02, 6.773489379882812500e+01, -8.067468261718750000e+01
2.620682716369628906e+01, 1.095685119628906250e+02, 6.754566955566406250e+01, -8.086704254150390625e+01
2.627893066406250000e+01, 1.095708465576171875e+02, 6.702484893798828125e+01, -8.059815979003906250e+01
2.635151672363281250e+01, 1.095461730957031250e+02, 6.663198852539062500e+01, -8.047676849365234375e+01
2.643026351928710938e+01, 1.095324325561523438e+02, 6.628259277343750000e+01, -8.029215240478515625e+01
2.648913574218750000e+01, 1.095198898315429688e+02, 6.574947357177734375e+01, -8.008959197998046875e+01
2.657849121093750000e+01, 1.095162887573242188e+02, 6.478804779052734375e+01, -7.955137634277343750e+01
2.666549873352050781e+01, 1.095062484741210938e+02, 6.433879089355468750e+01, -7.946427154541015625e+01
2.674172210693359375e+01, 1.094964828491210938e+02, 6.398769378662109375e+01, -7.957033538818359375e+01
2.682028007507324219e+01, 1.094926605224609375e+02, 6.376810073852539062e+01, -7.989947509765625000e+01
2.689432334899902344e+01, 1.094668579101562500e+02, 6.401601409912109375e+01, -8.020243835449218750e+01
2.696394538879394531e+01, 1.094513168334960938e+02, 6.369768905639648438e+01, -8.032076263427734375e+01
2.704308319091796875e+01, 1.094431762695312500e+02, 6.341575622558593750e+01, -8.045540618896484375e+01
2.711419677734375000e+01, 1.094301681518554688e+02, 6.315252304077148438e+01, -8.053136444091796875e+01
2.719416809082031250e+01, 1.094292678833007812e+02, 6.263962936401367188e+01, -8.060645294189453125e+01
2.727136802673339844e+01, 1.094131698608398438e+02, 6.257501220703125000e+01, -8.094517517089843750e+01
2.735199737548828125e+01, 1.093920822143554688e+02, 6.233656692504882812e+01, -8.080774688720703125e+01
2.743285751342773438e+01, 1.093688201904296875e+02, 6.209107971191406250e+01, -8.095166778564453125e+01
2.752707290649414062e+01, 1.093320922851562500e+02, 6.190439224243164062e+01, -8.107295227050781250e+01
2.758801651000976562e+01, 1.093204040527343750e+02, 6.149540328979492188e+01, -8.109912872314453125e+01
2.766755867004394531e+01, 1.093110656738281250e+02, 6.152701568603515625e+01, -8.108982086181640625e+01
2.773977661132812500e+01, 1.093015823364257812e+02, 6.155406570434570312e+01, -8.146928405761718750e+01
2.780683517456054688e+01, 1.092862014770507812e+02, 6.150201416015625000e+01, -8.164249420166015625e+01
2.787458801269531250e+01, 1.092846374511718750e+02, 6.082086944580078125e+01, -8.141254425048828125e+01
2.794779968261718750e+01, 1.092747039794921875e+02, 6.060396194458007812e+01, -8.168921661376953125e+01
2.800121688842773438e+01, 1.092566986083984375e+02, 6.057458496093750000e+01, -8.180799102783203125e+01
2.809656143188476562e+01, 1.092328262329101562e+02, 6.048880386352539062e+01, -8.206848907470703125e+01
2.816739654541015625e+01, 1.092072372436523438e+02, 6.019783401489257812e+01, -8.191957092285156250e+01
2.822328376770019531e+01, 1.091930007934570312e+02, 6.044356536865234375e+01, -8.252892303466796875e+01
2.827533721923828125e+01, 1.091584930419921875e+02, 6.011888885498046875e+01, -8.240040588378906250e+01
2.837498092651367188e+01, 1.091427230834960938e+02, 5.958695220947265625e+01, -8.197303771972656250e+01
2.846771049499511719e+01, 1.091315155029296875e+02, 5.899140167236328125e+01, -8.183240509033203125e+01
2.853541946411132812e+01, 1.091329116821289062e+02, 5.889513778686523438e+01, -8.200238800048828125e+01
2.865247917175292969e+01, 1.091065902709960938e+02, 5.862302398681640625e+01, -8.215465545654296875e+01
2.871768379211425781e+01, 1.090801620483398438e+02, 5.798040008544921875e+01, -8.179455566406250000e+01
2.879737854003906250e+01, 1.090602264404296875e+02, 5.742341232299804688e+01, -8.161617279052734375e+01
2.887329483032226562e+01, 1.090260238647460938e+02, 5.686655426025390625e+01, -8.124945831298828125e+01
2.896934127807617188e+01, 1.090078735351562500e+02, 5.656147766113281250e+01, -8.133491516113281250e+01
2.902435493469238281e+01, 1.089891357421875000e+02, 5.565925216674804688e+01, -8.063079833984375000e+01
2.909940147399902344e+01, 1.089764022827148438e+02, 5.559402847290039062e+01, -8.075166320800781250e+01
2.918461418151855469e+01, 1.089821701049804688e+02, 5.517208099365234375e+01, -8.075840759277343750e+01
2.926120376586914062e+01, 1.089563064575195312e+02, 5.517769622802734375e+01, -8.107263946533203125e+01
2.931996154785156250e+01, 1.089298400878906250e+02, 5.518074798583984375e+01, -8.134505462646484375e+01
2.941584014892578125e+01, 1.088865203857421875e+02, 5.526171493530273438e+01, -8.150816345214843750e+01
2.949903678894042969e+01, 1.088781433105468750e+02, 5.470176315307617188e+01, -8.145103454589843750e+01
2.960604286193847656e+01, 1.088656234741210938e+02, 5.403296279907226562e+01, -8.092166137695312500e+01
2.968326377868652344e+01, 1.088630599975585938e+02, 5.366144561767578125e+01, -8.076367950439453125e+01
2.978718566894531250e+01, 1.088579788208007812e+02, 5.316232681274414062e+01, -8.054165649414062500e+01
2.987965774536132812e+01, 1.088514099121093750e+02, 5.326705551147460938e+01, -8.106853485107421875e+01
2.998552703857421875e+01, 1.088241577148437500e+02, 5.319212722778320312e+01, -8.116044616699218750e+01
3.006830978393554688e+01, 1.087974929809570312e+02, 5.318824386596679688e+01, -8.147383117675781250e+01
3.013854598999023438e+01, 1.087778549194335938e+02, 5.277402877807617188e+01, -8.134520721435546875e+01
3.020643615722656250e+01, 1.087713012695312500e+02, 5.250956344604492188e+01, -8.133168792724609375e+01
3.027366638183593750e+01, 1.087591400146484375e+02, 5.204660797119140625e+01, -8.095190429687500000e+01
3.034211730957031250e+01, 1.087487869262695312e+02, 5.232067489624023438e+01, -8.166023254394531250e+01
3.044158935546875000e+01, 1.087195968627929688e+02, 5.242453002929687500e+01, -8.201609039306640625e+01
3.053912734985351562e+01, 1.086895980834960938e+02, 5.202096176147460938e+01, -8.201130676269531250e+01
3.061446762084960938e+01, 1.086518173217773438e+02, 5.182133865356445312e+01, -8.195629119873046875e+01
3.069890403747558594e+01, 1.086389999389648438e+02, 5.146923446655273438e+01, -8.187283325195312500e+01
3.078990173339843750e+01, 1.086198501586914062e+02, 5.085684585571289062e+01, -8.147478485107421875e+01
3.088313484191894531e+01, 1.086046295166015625e+02, 5.079644012451171875e+01, -8.175925445556640625e+01
3.098041534423828125e+01, 1.085932312011718750e+02, 5.068076324462890625e+01, -8.200289154052734375e+01
3.107970046997070312e+01, 1.085790710449218750e+02, 4.999580764770507812e+01, -8.144100189208984375e+01
3.115069007873535156e+01, 1.085482864379882812e+02, 4.996545410156250000e+01, -8.182402038574218750e+01
3.124304771423339844e+01, 1.085294265747070312e+02, 4.970522689819335938e+01, -8.179316711425781250e+01
3.131683349609375000e+01, 1.085099563598632812e+02, 4.980911254882812500e+01, -8.203690338134765625e+01
3.136321640014648438e+01, 1.085017242431640625e+02, 4.879884338378906250e+01, -8.109083557128906250e+01
3.142699050903320312e+01, 1.084806900024414062e+02, 4.876670455932617188e+01, -8.126618194580078125e+01
3.149173355102539062e+01, 1.084706802368164062e+02, 4.809895324707031250e+01, -8.074708557128906250e+01
3.154020309448242188e+01, 1.084628372192382812e+02, 4.805577087402343750e+01, -8.100640106201171875e+01
3.161868858337402344e+01, 1.084322738647460938e+02, 4.787485504150390625e+01, -8.109471893310546875e+01
3.169763183593750000e+01, 1.084178237915039062e+02, 4.785483169555664062e+01, -8.161031341552734375e+01
3.177435302734375000e+01, 1.083944091796875000e+02, 4.741328048706054688e+01, -8.155800628662109375e+01
3.186680412292480469e+01, 1.083744964599609375e+02, 4.689284515380859375e+01, -8.162637329101562500e+01
3.195091629028320312e+01, 1.083539047241210938e+02, 4.640465164184570312e+01, -8.127841949462890625e+01
3.200954055786132812e+01, 1.083279418945312500e+02, 4.602978134155273438e+01, -8.117412567138671875e+01
3.210027694702148438e+01, 1.083121490478515625e+02, 4.578673171997070312e+01, -8.100641632080078125e+01
3.216543579101562500e+01, 1.083127517700195312e+02, 4.611865234375000000e+01, -8.147403717041015625e+01
3.225111007690429688e+01, 1.082903289794921875e+02, 4.625883102416992188e+01, -8.182856750488281250e+01
3.230431365966796875e+01, 1.082741241455078125e+02, 4.622947311401367188e+01, -8.193861389160156250e+01
3.238984680175781250e+01, 1.082662429809570312e+02, 4.592488098144531250e+01, -8.218062591552734375e+01
3.245556640625000000e+01, 1.082466049194335938e+02, 4.592715835571289062e+01, -8.250439453125000000e+01
3.253495025634765625e+01, 1.082394714355468750e+02, 4.528183364868164062e+01, -8.231075286865234375e+01
3.260062026977539062e+01, 1.082195281982421875e+02, 4.515744018554687500e+01, -8.237539672851562500e+01
3.265308761596679688e+01, 1.082043151855468750e+02, 4.428947830200195312e+01, -8.173472595214843750e+01
3.272684097290039062e+01, 1.081904449462890625e+02, 4.409357452392578125e+01, -8.187684631347656250e+01
3.279856872558593750e+01, 1.081783294677734375e+02, 4.419970321655273438e+01, -8.234783172607421875e+01
3.285580444335937500e+01, 1.081663589477539062e+02, 4.368742752075195312e+01, -8.214218139648437500e+01
3.291906356811523438e+01, 1.081336441040039062e+02, 4.363083267211914062e+01, -8.224071502685546875e+01
3.299268722534179688e+01, 1.080953826904296875e+02, 4.380020523071289062e+01, -8.233858489990234375e+01
3.305676651000976562e+01, 1.080650253295898438e+02, 4.367991638183593750e+01, -8.248799133300781250e+01
3.314680862426757812e+01, 1.080414733886718750e+02, 4.299733352661132812e+01, -8.222188568115234375e+01
3.320319366455078125e+01, 1.080064163208007812e+02, 4.335514831542968750e+01, -8.265750122070312500e+01
3.326086044311523438e+01, 1.079664611816406250e+02, 4.418891906738281250e+01, -8.348551940917968750e+01
3.334336471557617188e+01, 1.079269180297851562e+02, 4.398485565185546875e+01, -8.363561248779296875e+01
3.341212463378906250e+01, 1.079078750610351562e+02, 4.427421569824218750e+01, -8.402842712402343750e+01
3.349576187133789062e+01, 1.079038925170898438e+02, 4.442890930175781250e+01, -8.448294830322265625e+01
3.356362915039062500e+01, 1.078783493041992188e+02, 4.439741516113281250e+01, -8.463288879394531250e+01
3.361043167114257812e+01, 1.078626708984375000e+02, 4.458076477050781250e+01, -8.516609191894531250e+01
3.369754028320312500e+01, 1.078497238159179688e+02, 4.438460922241210938e+01, -8.519543457031250000e+01
3.375801467895507812e+01, 1.078205337524414062e+02, 4.399916076660156250e+01, -8.511493682861328125e+01
3.384494018554687500e+01, 1.078058700561523438e+02, 4.365398788452148438e+01, -8.495688629150390625e+01
3.392795181274414062e+01, 1.077847518920898438e+02, 4.318667984008789062e+01, -8.480912780761718750e+01
3.398767089843750000e+01, 1.077478256225585938e+02, 4.311260604858398438e+01, -8.481259918212890625e+01
3.408251190185546875e+01, 1.077410659790039062e+02, 4.286619567871093750e+01, -8.477832031250000000e+01
3.416421127319335938e+01, 1.077130355834960938e+02, 4.215161514282226562e+01, -8.422081756591796875e+01
3.426064300537109375e+01, 1.076861343383789062e+02, 4.207572174072265625e+01, -8.440821075439453125e+01
3.433703231811523438e+01, 1.076606903076171875e+02, 4.212467575073242188e+01, -8.467338562011718750e+01
3.441738128662109375e+01, 1.076361846923828125e+02, 4.220506286621093750e+01, -8.514092254638671875e+01
3.447829437255859375e+01, 1.076098709106445312e+02, 4.229238128662109375e+01, -8.537876892089843750e+01
3.456566619873046875e+01, 1.075878524780273438e+02, 4.184844970703125000e+01, -8.504257965087890625e+01
3.466025161743164062e+01, 1.075711593627929688e+02, 4.183153533935546875e+01, -8.540363311767578125e+01
3.475423812866210938e+01, 1.075366744995117188e+02, 4.161761093139648438e+01, -8.541101074218750000e+01
3.485493469238281250e+01, 1.075151748657226562e+02, 4.132794952392578125e+01, -8.530995941162109375e+01
3.493263244628906250e+01, 1.075020217895507812e+02, 4.121278381347656250e+01, -8.534188079833984375e+01
3.503582382202148438e+01, 1.074785842895507812e+02, 4.070531845092773438e+01, -8.514338684082031250e+01
3.509308242797851562e+01, 1.074390869140625000e+02, 4.058193588256835938e+01, -8.520357513427734375e+01
3.518180465698242188e+01, 1.074100341796875000e+02, 4.041170501708984375e+01, -8.516104888916015625e+01
3.527836608886718750e+01, 1.073764801025390625e+02, 4.032151031494140625e+01, -8.556194305419921875e+01
3.536699295043945312e+01, 1.073676986694335938e+02, 3.992091369628906250e+01, -8.521766662597656250e+01
3.546640777587890625e+01, 1.073592529296875000e+02, 3.943872833251953125e+01, -8.511106109619140625e+01
3.554545974731445312e+01, 1.073537673950195312e+02, 3.924483108520507812e+01, -8.514169311523437500e+01
3.564474105834960938e+01, 1.073195114135742188e+02, 3.896644592285156250e+01, -8.500050354003906250e+01
3.571521377563476562e+01, 1.072750015258789062e+02, 3.915975570678710938e+01, -8.523181152343750000e+01
3.580064010620117188e+01, 1.072509384155273438e+02, 3.958629608154296875e+01, -8.560880279541015625e+01
3.588695144653320312e+01, 1.072173614501953125e+02, 3.871500015258789062e+01, -8.482802581787109375e+01
3.599913406372070312e+01, 1.072005615234375000e+02, 3.871232223510742188e+01, -8.528761291503906250e+01
3.609758377075195312e+01, 1.071679916381835938e+02, 3.829021072387695312e+01, -8.504914093017578125e+01
3.616893768310546875e+01, 1.071539764404296875e+02, 3.821340179443359375e+01, -8.527658081054687500e+01
3.624055099487304688e+01, 1.071256790161132812e+02, 3.840502548217773438e+01, -8.571993255615234375e+01
3.629660034179687500e+01, 1.070973739624023438e+02, 3.834963989257812500e+01, -8.592335510253906250e+01
3.638347244262695312e+01, 1.070667724609375000e+02, 3.797610855102539062e+01, -8.587062072753906250e+01
3.647128677368164062e+01, 1.070283889770507812e+02, 3.797159957885742188e+01, -8.636300659179687500e+01
3.655216598510742188e+01, 1.070048904418945312e+02, 3.755513763427734375e+01, -8.626362609863281250e+01
3.664329528808593750e+01, 1.069805297851562500e+02, 3.733198165893554688e+01, -8.628056335449218750e+01
3.673517227172851562e+01, 1.069484176635742188e+02, 3.735100936889648438e+01, -8.673011779785156250e+01
3.681066894531250000e+01, 1.069280014038085938e+02, 3.722290420532226562e+01, -8.660774230957031250e+01
3.690998458862304688e+01, 1.069098968505859375e+02, 3.706340026855468750e+01, -8.648098754882812500e+01
3.701081085205078125e+01, 1.068911056518554688e+02, 3.704021072387695312e+01, -8.677443695068359375e+01
3.709308242797851562e+01, 1.068653640747070312e+02, 3.690121459960937500e+01, -8.697080993652343750e+01
3.719983291625976562e+01, 1.068277969360351562e+02, 3.644455718994140625e+01, -8.676137542724609375e+01
3.727699661254882812e+01, 1.068199005126953125e+02, 3.638350677490234375e+01, -8.695211029052734375e+01
3.737006378173828125e+01, 1.067847213745117188e+02, 3.585572433471679688e+01, -8.653192138671875000e+01
3.745157623291015625e+01, 1.067649154663085938e+02, 3.558512878417968750e+01, -8.653042602539062500e+01
3.752015304565429688e+01, 1.067302780151367188e+02, 3.558327102661132812e+01, -8.664311218261718750e+01
3.762786102294921875e+01, 1.066879577636718750e+02, 3.545571517944335938e+01, -8.659114837646484375e+01
3.771715927124023438e+01, 1.066644897460937500e+02, 3.522437286376953125e+01, -8.660123443603515625e+01
3.783287429809570312e+01, 1.066349029541015625e+02, 3.474868392944335938e+01, -8.642044830322265625e+01
3.790680694580078125e+01, 1.066014175415039062e+02, 3.456594848632812500e+01, -8.643088531494140625e+01
3.798553848266601562e+01, 1.065902709960937500e+02, 3.432930755615234375e+01, -8.655047607421875000e+01
3.805297470092773438e+01, 1.065541839599609375e+02, 3.434608078002929688e+01, -8.663385772705078125e+01
3.811362075805664062e+01, 1.065193634033203125e+02, 3.461720275878906250e+01, -8.717010498046875000e+01
3.818015670776367188e+01, 1.064923248291015625e+02, 3.451947021484375000e+01, -8.732478332519531250e+01
3.825978088378906250e+01, 1.064559326171875000e+02, 3.456336212158203125e+01, -8.754286193847656250e+01
3.832431793212890625e+01, 1.064257507324218750e+02, 3.445084381103515625e+01, -8.740925598144531250e+01
3.837764358520507812e+01, 1.063907623291015625e+02, 3.429700088500976562e+01, -8.736427307128906250e+01
3.845147323608398438e+01, 1.063665771484375000e+02, 3.347573852539062500e+01, -8.666998291015625000e+01
3.853806304931640625e+01, 1.063382263183593750e+02, 3.305366516113281250e+01, -8.625532531738281250e+01
3.861654281616210938e+01, 1.063101882934570312e+02, 3.267468643188476562e+01, -8.605319213867187500e+01
3.871335983276367188e+01, 1.062705993652343750e+02, 3.280006408691406250e+01, -8.630651092529296875e+01
3.880601119995117188e+01, 1.062483749389648438e+02, 3.316438293457031250e+01, -8.691006469726562500e+01
3.888768386840820312e+01, 1.062152328491210938e+02, 3.266849136352539062e+01, -8.666819763183593750e+01
3.897058868408203125e+01, 1.061767883300781250e+02, 3.284357833862304688e+01, -8.676023101806640625e+01
3.907233428955078125e+01, 1.061439971923828125e+02, 3.290343856811523438e+01, -8.702379608154296875e+01
3.919586181640625000e+01, 1.061253356933593750e+02, 3.237792587280273438e+01, -8.679922485351562500e+01
3.928786087036132812e+01, 1.061042785644531250e+02, 3.184737586975097656e+01, -8.656505584716796875e+01
3.936838912963867188e+01, 1.060666961669921875e+02, 3.125970649719238281e+01, -8.628647613525390625e+01
3.944408798217773438e+01, 1.060384292602539062e+02, 3.097502326965332031e+01, -8.613729095458984375e+01
3.954154586791992188e+01, 1.060048217773437500e+02, 3.055719375610351562e+01, -8.597090148925781250e+01
3.963729858398437500e+01, 1.059629058837890625e+02, 3.040291023254394531e+01, -8.594361877441406250e+01
3.974409103393554688e+01, 1.059232406616210938e+02, 3.041753387451171875e+01, -8.619787597656250000e+01
3.981305694580078125e+01, 1.058937759399414062e+02, 3.051741981506347656e+01, -8.637586212158203125e+01
3.992084503173828125e+01, 1.058567733764648438e+02, 3.044720458984375000e+01, -8.636985015869140625e+01
4.001994323730468750e+01, 1.058338546752929688e+02, 3.033109474182128906e+01, -8.641851806640625000e+01
4.008655929565429688e+01, 1.058104400634765625e+02, 3.069971847534179688e+01, -8.693119812011718750e+01
4.018155288696289062e+01, 1.057695465087890625e+02, 3.074060058593750000e+01, -8.724850463867187500e+01
4.025983428955078125e+01, 1.057457504272460938e+02, 3.102857208251953125e+01, -8.775126647949218750e+01
4.036330795288085938e+01, 1.057190322875976562e+02, 3.089825630187988281e+01, -8.784140777587890625e+01
4.041722488403320312e+01, 1.056938781738281250e+02, 3.037308883666992188e+01, -8.742209625244140625e+01
4.052663803100585938e+01, 1.056670837402343750e+02, 3.000469017028808594e+01, -8.733025360107421875e+01
4.058954238891601562e+01, 1.056569061279296875e+02, 3.001485824584960938e+01, -8.740431976318359375e+01
4.067746734619140625e+01, 1.056346282958984375e+02, 2.974048614501953125e+01, -8.730242919921875000e+01
4.076694107055664062e+01, 1.056070098876953125e+02, 2.980066490173339844e+01, -8.752723693847656250e+01
4.084709930419921875e+01, 1.055829925537109375e+02, 2.962552833557128906e+01, -8.738111877441406250e+01
4.090349578857421875e+01, 1.055501785278320312e+02, 2.953425598144531250e+01, -8.735162353515625000e+01
4.098389816284179688e+01, 1.055253143310546875e+02, 2.955990600585937500e+01, -8.738195800781250000e+01
4.106624984741210938e+01, 1.054948043823242188e+02, 2.912684249877929688e+01, -8.711549377441406250e+01
4.114988708496093750e+01, 1.054690780639648438e+02, 2.888781166076660156e+01, -8.706298828125000000e+01
4.120325088500976562e+01, 1.054379425048828125e+02, 2.933383560180664062e+01, -8.759928131103515625e+01
4.129242706298828125e+01, 1.054084854125976562e+02, 2.929821586608886719e+01, -8.764942169189453125e+01
4.137744522094726562e+01, 1.053787689208984375e+02, 2.903324890136718750e+01, -8.754138183593750000e+01
4.145253753662109375e+01, 1.053567428588867188e+02, 2.878608131408691406e+01, -8.780122375488281250e+01
4.155362319946289062e+01, 1.053288269042968750e+02, 2.854722213745117188e+01, -8.772462463378906250e+01
4.166874313354492188e+01, 1.052984313964843750e+02, 2.834770774841308594e+01, -8.786391448974609375e+01
4.176015853881835938e+01, 1.052853851318359375e+02, 2.887310218811035156e+01, -8.845529937744140625e+01
4.186861801147460938e+01, 1.052543640136718750e+02, 2.905483818054199219e+01, -8.876140594482421875e+01
4.195558166503906250e+01, 1.052339248657226562e+02, 2.908765411376953125e+01, -8.899172973632812500e+01
4.204385375976562500e+01, 1.052113723754882812e+02, 2.924801254272460938e+01, -8.934059143066406250e+01
4.215165710449218750e+01, 1.051692581176757812e+02, 2.943862915039062500e+01, -8.971636962890625000e+01
4.222792816162109375e+01, 1.051347274780273438e+02, 2.914640045166015625e+01, -8.966012573242187500e+01
4.233617401123046875e+01, 1.051062164306640625e+02, 2.905927658081054688e+01, -8.987735748291015625e+01
4.242267990112304688e+01, 1.050651626586914062e+02, 2.883093261718750000e+01, -8.979177856445312500e+01
4.250170516967773438e+01, 1.050368041992187500e+02, 2.832262802124023438e+01, -8.939590454101562500e+01
4.256793212890625000e+01, 1.050192794799804688e+02, 2.857427978515625000e+01, -8.958443450927734375e+01
4.267402267456054688e+01, 1.049759902954101562e+02, 2.851965332031250000e+01, -8.981153869628906250e+01
4.277125930786132812e+01, 1.049395446777343750e+02, 2.862472152709960938e+01, -9.013298797607421875e+01
4.285808181762695312e+01, 1.049117202758789062e+02, 2.811603736877441406e+01, -8.992073059082031250e+01
4.294728851318359375e+01, 1.048698730468750000e+02, 2.834880447387695312e+01, -9.018341827392578125e+01
4.304225158691406250e+01, 1.048479003906250000e+02, 2.774485588073730469e+01, -8.965714263916015625e+01
4.313228988647460938e+01, 1.048175354003906250e+02, 2.783922958374023438e+01, -8.987952423095703125e+01
4.321861267089843750e+01, 1.047992172241210938e+02, 2.753933334350585938e+01, -8.974552154541015625e+01
4.332067108154296875e+01, 1.047514038085937500e+02, 2.754187011718750000e+01, -8.984480285644531250e+01
4.341027450561523438e+01, 1.047079544067382812e+02, 2.710832023620605469e+01, -8.970999908447265625e+01
4.347275543212890625e+01, 1.046909179687500000e+02, 2.647727966308593750e+01, -8.920755767822265625e+01
4.354002761840820312e+01, 1.046582717895507812e+02, 2.661352348327636719e+01, -8.936334991455078125e+01
4.362356567382812500e+01, 1.046233062744140625e+02, 2.654808425903320312e+01, -8.942132568359375000e+01
4.372748184204101562e+01, 1.045857925415039062e+02, 2.630014610290527344e+01, -8.936500549316406250e+01
4.379078292846679688e+01, 1.045602264404296875e+02, 2.611100769042968750e+01, -8.929824066162109375e+01
4.388491058349609375e+01, 1.045218658447265625e+02, 2.611538887023925781e+01, -8.944544982910156250e+01
4.396127319335937500e+01, 1.044867324829101562e+02, 2.593210029602050781e+01, -8.933364868164062500e+01
4.405141067504882812e+01, 1.044644851684570312e+02, 2.575434494018554688e+01, -8.945467376708984375e+01
4.413807678222656250e+01, 1.044321670532226562e+02, 2.613341712951660156e+01, -8.977484130859375000e+01
4.424480056762695312e+01, 1.044053878784179688e+02, 2.587922859191894531e+01, -8.988185119628906250e+01
4.432596588134765625e+01, 1.043609390258789062e+02, 2.582020759582519531e+01, -8.970524597167968750e+01
4.439926528930664062e+01, 1.043260192871093750e+02, 2.568394660949707031e+01, -8.972267150878906250e+01
4.450992584228515625e+01, 1.043069076538085938e+02, 2.551135253906250000e+01, -9.001087951660156250e+01
4.460341644287109375e+01, 1.042817993164062500e+02, 2.513484573364257812e+01, -8.981797027587890625e+01
4.468294143676757812e+01, 1.042698364257812500e+02, 2.491877174377441406e+01, -8.984280395507812500e+01
4.472316741943359375e+01, 1.042436904907226562e+02, 2.499316787719726562e+01, -9.004502105712890625e+01
4.483954238891601562e+01, 1.042227020263671875e+02, 2.445044708251953125e+01, -8.973609161376953125e+01
4.491707229614257812e+01, 1.041883087158203125e+02, 2.408491516113281250e+01, -8.957163238525390625e+01
4.502192306518554688e+01, 1.041407394409179688e+02, 2.417645645141601562e+01, -8.975468444824218750e+01
4.511312484741210938e+01, 1.041035079956054688e+02, 2.410895919799804688e+01, -8.970972442626953125e+01
4.519610977172851562e+01, 1.040738677978515625e+02, 2.430743026733398438e+01, -8.994644927978515625e+01
4.528358078002929688e+01, 1.040387649536132812e+02, 2.365058135986328125e+01, -8.941564178466796875e+01
4.537325668334960938e+01, 1.040123443603515625e+02, 2.353275299072265625e+01, -8.934467315673828125e+01
4.544430160522460938e+01, 1.039865951538085938e+02, 2.388637924194335938e+01, -8.986638641357421875e+01
4.554347610473632812e+01, 1.039406814575195312e+02, 2.347800636291503906e+01, -8.961076354980468750e+01
4.561890792846679688e+01, 1.039219284057617188e+02, 2.321055603027343750e+01, -8.914263153076171875e+01
4.569725799560546875e+01, 1.039020767211914062e+02, 2.277104187011718750e+01, -8.892015075683593750e+01
4.579443740844726562e+01, 1.038743972778320312e+02, 2.311342811584472656e+01, -8.959204101562500000e+01
4.587844467163085938e+01, 1.038328323364257812e+02, 2.323552131652832031e+01, -8.972001647949218750e+01
4.595480728149414062e+01, 1.038046951293945312e+02, 2.293103218078613281e+01, -8.966031646728515625e+01
4.605227279663085938e+01, 1.037727584838867188e+02, 2.282458114624023438e+01, -8.971128082275390625e+01
4.611884307861328125e+01, 1.037284927368164062e+02, 2.266412162780761719e+01, -8.965426635742187500e+01
4.623522949218750000e+01, 1.036917800903320312e+02, 2.283187103271484375e+01, -9.009158325195312500e+01
4.633869552612304688e+01, 1.036504211425781250e+02, 2.253115463256835938e+01, -8.985034179687500000e+01
4.643598175048828125e+01, 1.036314468383789062e+02, 2.274782180786132812e+01, -9.026322937011718750e+01
4.653724670410156250e+01, 1.035964813232421875e+02, 2.260812377929687500e+01, -9.021476745605468750e+01
4.664996719360351562e+01, 1.035573654174804688e+02, 2.257439994812011719e+01, -9.030509185791015625e+01
4.673631286621093750e+01, 1.035435562133789062e+02, 2.230834579467773438e+01, -9.009733581542968750e+01
4.685322952270507812e+01, 1.035085601806640625e+02, 2.244587135314941406e+01, -9.033649444580078125e+01
4.692407608032226562e+01, 1.034978790283203125e+02, 2.238865852355957031e+01, -9.045301055908203125e+01
4.700714111328125000e+01, 1.034554519653320312e+02, 2.190120506286621094e+01, -9.009336090087890625e+01
4.711970138549804688e+01, 1.034192733764648438e+02, 2.191003608703613281e+01, -9.045459747314453125e+01
4.717776107788085938e+01, 1.033904800415039062e+02, 2.188888740539550781e+01, -9.048841094970703125e+01
4.728325271606445312e+01, 1.033541641235351562e+02, 2.155518531799316406e+01, -9.020918273925781250e+01
4.736329650878906250e+01, 1.033160552978515625e+02, 2.133809852600097656e+01, -8.998352050781250000e+01
4.745217514038085938e+01, 1.032796401977539062e+02, 2.155209732055664062e+01, -9.042097473144531250e+01
4.753509521484375000e+01, 1.032498626708984375e+02, 2.133607673645019531e+01, -9.049292755126953125e+01
4.762108612060546875e+01, 1.032320785522460938e+02, 2.134088897705078125e+01, -9.059983062744140625e+01
4.771097946166992188e+01, 1.032135925292968750e+02, 2.169045066833496094e+01, -9.107057952880859375e+01
4.780006027221679688e+01, 1.031909179687500000e+02, 2.181169128417968750e+01, -9.121467590332031250e+01
4.787731933593750000e+01, 1.031631393432617188e+02, 2.202284240722656250e+01, -9.156818389892578125e+01
4.796663665771484375e+01, 1.031234207153320312e+02, 2.192519760131835938e+01, -9.149195098876953125e+01
4.804577636718750000e+01, 1.030796813964843750e+02, 2.179533386230468750e+01, -9.137270355224609375e+01
4.807224655151367188e+01, 1.030608673095703125e+02, 2.129567909240722656e+01, -9.090831756591796875e+01
4.815715789794921875e+01, 1.030103836059570312e+02, 2.151139259338378906e+01, -9.130852508544921875e+01
4.826541137695312500e+01, 1.029773406982421875e+02, 2.120042419433593750e+01, -9.115689086914062500e+01
4.836789703369140625e+01, 1.029517364501953125e+02, 2.116601753234863281e+01, -9.139194488525390625e+01
4.848346710205078125e+01, 1.029053649902343750e+02, 2.113196754455566406e+01, -9.152304077148437500e+01
4.856203842163085938e+01, 1.028677215576171875e+02, 2.119946479797363281e+01, -9.163112640380859375e+01
4.863060760498046875e+01, 1.028362426757812500e+02, 2.157576560974121094e+01, -9.205677032470703125e+01
4.872052383422851562e+01, 1.028054962158203125e+02, 2.149686813354492188e+01, -9.213306427001953125e+01
4.882352447509765625e+01, 1.027691268920898438e+02, 2.135359382629394531e+01, -9.214465332031250000e+01
4.891143798828125000e+01, 1.027255249023437500e+02, 2.120743560791015625e+01, -9.204664611816406250e+01
4.902974319458007812e+01, 1.026982421875000000e+02, 2.101703262329101562e+01, -9.225725555419921875e+01
4.909409713745117188e+01, 1.026737289428710938e+02, 2.134619522094726562e+01, -9.264258575439453125e+01
4.915690994262695312e+01, 1.026574478149414062e+02, 2.102289199829101562e+01, -9.257524108886718750e+01
4.927126312255859375e+01, 1.026141052246093750e+02, 2.083031654357910156e+01, -9.274134826660156250e+01
4.937566757202148438e+01, 1.025848236083984375e+02, 2.057630920410156250e+01, -9.267904663085937500e+01
4.943553161621093750e+01, 1.025569229125976562e+02, 2.028603935241699219e+01, -9.237866210937500000e+01
4.951073455810546875e+01, 1.025132675170898438e+02, 2.062266921997070312e+01, -9.271059417724609375e+01
4.961216735839843750e+01, 1.024754943847656250e+02, 2.053414154052734375e+01, -9.278253173828125000e+01
4.968632125854492188e+01, 1.024529266357421875e+02, 2.058273506164550781e+01, -9.283218383789062500e+01
4.979317092895507812e+01, 1.024146041870117188e+02, 2.049485588073730469e+01, -9.290489196777343750e+01
4.987044906616210938e+01, 1.023666534423828125e+02, 2.056693649291992188e+01, -9.293878936767578125e+01
4.999074172973632812e+01, 1.023293304443359375e+02, 2.026586151123046875e+01, -9.293960571289062500e+01
5.004998397827148438e+01, 1.022959518432617188e+02, 2.058127784729003906e+01, -9.330941009521484375e+01
5.014260864257812500e+01, 1.022779693603515625e+02, 1.974815940856933594e+01, -9.268715667724609375e+01
5.022058105468750000e+01, 1.022547683715820312e+02, 1.965580177307128906e+01, -9.255241394042968750e+01
5.030845260620117188e+01, 1.022446594238281250e+02, 1.940242767333984375e+01, -9.240913391113281250e+01
5.040523529052734375e+01, 1.022078857421875000e+02, 1.887895202636718750e+01, -9.213930511474609375e+01
5.049494552612304688e+01, 1.021880264282226562e+02, 1.857568931579589844e+01, -9.216017150878906250e+01
5.057804489135742188e+01, 1.021387023925781250e+02, 1.828732681274414062e+01, -9.180180358886718750e+01
5.065539169311523438e+01, 1.020994033813476562e+02, 1.855071449279785156e+01, -9.195372009277343750e+01
5.073939132690429688e+01, 1.020608825683593750e+02, 1.853676223754882812e+01, -9.211053466796875000e+01
5.083854293823242188e+01, 1.020286026000976562e+02, 1.865384483337402344e+01, -9.242225646972656250e+01
5.092268753051757812e+01, 1.019948272705078125e+02, 1.841588973999023438e+01, -9.238189697265625000e+01
5.100441360473632812e+01, 1.019571456909179688e+02, 1.834262657165527344e+01, -9.238987731933593750e+01
5.106858444213867188e+01, 1.019101867675781250e+02, 1.820957565307617188e+01, -9.212978363037109375e+01
5.114894104003906250e+01, 1.018586044311523438e+02, 1.861041450500488281e+01, -9.257891082763671875e+01
5.121445846557617188e+01, 1.018223037719726562e+02, 1.865646934509277344e+01, -9.281166839599609375e+01
5.129439544677734375e+01, 1.017846298217773438e+02, 1.880408668518066406e+01, -9.305996704101562500e+01
5.139744949340820312e+01, 1.017653427124023438e+02, 1.867969703674316406e+01, -9.325625610351562500e+01
5.147040557861328125e+01, 1.017446136474609375e+02, 1.895313072204589844e+01, -9.370124053955078125e+01
5.156604766845703125e+01, 1.017027893066406250e+02, 1.912005996704101562e+01, -9.403438568115234375e+01
5.165002441406250000e+01, 1.016557693481445312e+02, 1.949683380126953125e+01, -9.451649475097656250e+01
5.174637603759765625e+01, 1.016168746948242188e+02, 1.961013793945312500e+01, -9.481541442871093750e+01
5.183009338378906250e+01, 1.015834960937500000e+02, 1.932538223266601562e+01, -9.451965332031250000e+01
5.189902496337890625e+01, 1.015462341308593750e+02, 1.918690109252929688e+01, -9.458950042724609375e+01
5.197592544555664062e+01, 1.015049438476562500e+02, 1.943382453918457031e+01, -9.491249084472656250e+01
5.207764434814453125e+01, 1.014560012817382812e+02, 1.925761795043945312e+01, -9.488665008544921875e+01
5.215752029418945312e+01, 1.014146575927734375e+02, 1.928596878051757812e+01, -9.510192108154296875e+01
5.223585891723632812e+01, 1.013739852905273438e+02, 1.944594955444335938e+01, -9.534594726562500000e+01
5.232828140258789062e+01, 1.013358459472656250e+02, 1.949646949768066406e+01, -9.552479553222656250e+01
5.242708969116210938e+01, 1.012896041870117188e+02, 1.938033294677734375e+01, -9.556597137451171875e+01
5.252307510375976562e+01, 1.012491226196289062e+02, 1.898188209533691406e+01, -9.532888031005859375e+01
5.260264968872070312e+01, 1.011990203857421875e+02, 1.933658599853515625e+01, -9.575486755371093750e+01
5.268716049194335938e+01, 1.011528320312500000e+02, 1.953950881958007812e+01, -9.590090179443359375e+01
5.279574584960937500e+01, 1.010932464599609375e+02, 1.969117164611816406e+01, -9.589904785156250000e+01
5.285593795776367188e+01, 1.010598754882812500e+02, 1.939122390747070312e+01, -9.559147644042968750e+01
5.294435882568359375e+01, 1.010232315063476562e+02, 1.930810356140136719e+01, -9.558971405029296875e+01
5.305259323120117188e+01, 1.009931030273437500e+02, 1.929577255249023438e+01, -9.577485656738281250e+01
5.313114166259765625e+01, 1.009443130493164062e+02, 1.935812187194824219e+01, -9.587567901611328125e+01
5.325285720825195312e+01, 1.009001846313476562e+02, 1.937391090393066406e+01, -9.600245666503906250e+01
5.334666442871093750e+01, 1.008580398559570312e+02, 1.959320068359375000e+01, -9.635908508300781250e+01
5.342578506469726562e+01, 1.008182296752929688e+02, 1.989102172851562500e+01, -9.673123168945312500e+01
5.348182296752929688e+01, 1.007804641723632812e+02, 1.957433319091796875e+01, -9.643314361572265625e+01
5.354243087768554688e+01, 1.007648849487304688e+02, 1.940645217895507812e+01, -9.637591552734375000e+01
5.358976364135742188e+01, 1.007339172363281250e+02, 1.984090042114257812e+01, -9.692362976074218750e+01
5.367634201049804688e+01, 1.007059936523437500e+02, 1.985508728027343750e+01, -9.707394409179687500e+01
5.376065063476562500e+01, 1.006519699096679688e+02, 1.996168708801269531e+01, -9.699710083007812500e+01
5.383641815185546875e+01, 1.006388092041015625e+02, 1.972893524169921875e+01, -9.684047698974609375e+01
5.393722915649414062e+01, 1.006141891479492188e+02, 1.956968116760253906e+01, -9.688480377197265625e+01
5.402722167968750000e+01, 1.005836639404296875e+02, 1.920382308959960938e+01, -9.665322875976562500e+01
5.412932205200195312e+01, 1.005353622436523438e+02, 1.890798568725585938e+01, -9.642262268066406250e+01
5.423114776611328125e+01, 1.004841842651367188e+02, 1.880299186706542969e+01, -9.645632934570312500e+01
5.434511184692382812e+01, 1.004515533447265625e+02, 1.860372734069824219e+01, -9.648162841796875000e+01
5.441167068481445312e+01, 1.004153213500976562e+02, 1.858014869689941406e+01, -9.652605438232421875e+01
5.450793457031250000e+01, 1.003634490966796875e+02, 1.847177886962890625e+01, -9.662363433837890625e+01
5.459785842895507812e+01, 1.003134307861328125e+02, 1.815766525268554688e+01, -9.630480957031250000e+01
5.469881057739257812e+01, 1.002765731811523438e+02, 1.783191299438476562e+01, -9.622898864746093750e+01
5.480116271972656250e+01, 1.002592468261718750e+02, 1.727215957641601562e+01, -9.597780609130859375e+01
5.489303588867187500e+01, 1.002201538085937500e+02, 1.688559913635253906e+01, -9.566080474853515625e+01
5.496525192260742188e+01, 1.002065582275390625e+02, 1.657666587829589844e+01, -9.541210937500000000e+01
5.503710556030273438e+01, 1.001567001342773438e+02, 1.665975189208984375e+01, -9.555639648437500000e+01
5.515449142456054688e+01, 1.001143798828125000e+02, 1.630021286010742188e+01, -9.541007995605468750e+01
5.519723510742187500e+01, 1.000809936523437500e+02, 1.627726745605468750e+01, -9.525805664062500000e+01
5.527552795410156250e+01, 1.000378189086914062e+02, 1.608557319641113281e+01, -9.497209167480468750e+01
5.535965347290039062e+01, 1.000123443603515625e+02, 1.610568618774414062e+01, -9.510706329345703125e+01
5.543815612792968750e+01, 9.996523284912109375e+01, 1.601695442199707031e+01, -9.518016815185546875e+01
5.552973175048828125e+01, 9.993718719482421875e+01, 1.618210220336914062e+01, -9.526631927490234375e+01
5.562000656127929688e+01, 9.989109802246093750e+01, 1.597883319854736328e+01, -9.528430938720703125e+01
5.571095657348632812e+01, 9.986779785156250000e+01, 1.565253353118896484e+01, -9.530105590820312500e+01
5.580684661865234375e+01, 9.981497192382812500e+01, 1.575727272033691406e+01, -9.565488433837890625e+01
5.588038635253906250e+01, 9.977033996582031250e+01, 1.570519733428955078e+01, -9.578226470947265625e+01
5.596404647827148438e+01, 9.973148345947265625e+01, 1.554574871063232422e+01, -9.573622131347656250e+01
5.604986572265625000e+01, 9.968421173095703125e+01, 1.528103542327880859e+01, -9.569986724853515625e+01
5.615879821777343750e+01, 9.964432525634765625e+01, 1.465528964996337891e+01, -9.517753601074218750e+01
5.622554016113281250e+01, 9.959656524658203125e+01, 1.481809043884277344e+01, -9.535961151123046875e+01
5.630947494506835938e+01, 9.956015777587890625e+01, 1.470846939086914062e+01, -9.532749176025390625e+01
5.639851379394531250e+01, 9.953650665283203125e+01, 1.468358230590820312e+01, -9.533099365234375000e+01
5.648108673095703125e+01, 9.951237487792968750e+01, 1.453343582153320312e+01, -9.529979705810546875e+01
5.655000305175781250e+01, 9.946930694580078125e+01, 1.405187988281250000e+01, -9.480253601074218750e+01
5.664470291137695312e+01, 9.942565917968750000e+01, 1.385658931732177734e+01, -9.458496093750000000e+01
5.672295761108398438e+01, 9.939223480224609375e+01, 1.422447490692138672e+01, -9.490586853027343750e+01
5.680323410034179688e+01, 9.934603118896484375e+01, 1.387207984924316406e+01, -9.470147705078125000e+01
5.688356018066406250e+01, 9.929865264892578125e+01, 1.402183628082275391e+01, -9.471170806884765625e+01
5.697212219238281250e+01, 9.926754760742187500e+01, 1.365192794799804688e+01, -9.451197814941406250e+01
5.706624603271484375e+01, 9.923179626464843750e+01, 1.270961284637451172e+01, -9.372345733642578125e+01
5.715420150756835938e+01, 9.918258666992187500e+01, 1.279151439666748047e+01, -9.363352203369140625e+01
5.723025512695312500e+01, 9.914381408691406250e+01, 1.274690818786621094e+01, -9.387020874023437500e+01
5.732825469970703125e+01, 9.909484863281250000e+01, 1.242730998992919922e+01, -9.358705902099609375e+01
5.741408157348632812e+01, 9.905822753906250000e+01, 1.249059200286865234e+01, -9.373733520507812500e+01
5.750374221801757812e+01, 9.901140594482421875e+01, 1.234703540802001953e+01, -9.384067535400390625e+01
5.756514358520507812e+01, 9.897969055175781250e+01, 1.193263816833496094e+01, -9.352969360351562500e+01
5.764241027832031250e+01, 9.895548248291015625e+01, 1.171731853485107422e+01, -9.341670989990234375e+01
5.771373748779296875e+01, 9.891429901123046875e+01, 1.154471874237060547e+01, -9.336555480957031250e+01
5.783176803588867188e+01, 9.886421966552734375e+01, 1.166251850128173828e+01, -9.362004852294921875e+01
5.791080093383789062e+01, 9.883740997314453125e+01, 1.166767120361328125e+01, -9.394185638427734375e+01
5.800832748413085938e+01, 9.879163360595703125e+01, 1.142221069335937500e+01, -9.392954254150390625e+01
5.808184432983398438e+01, 9.876799774169921875e+01, 1.131282711029052734e+01, -9.409721374511718750e+01
5.816561889648437500e+01, 9.874616241455078125e+01, 1.091328811645507812e+01, -9.382916259765625000e+01
5.823823928833007812e+01, 9.872422027587890625e+01, 1.128331851959228516e+01, -9.416095733642578125e+01
5.831663894653320312e+01, 9.866268157958984375e+01, 1.090607738494873047e+01, -9.385931396484375000e+01
5.841469573974609375e+01, 9.862214660644531250e+01, 1.071453762054443359e+01, -9.396880340576171875e+01
5.851567077636718750e+01, 9.856694793701171875e+01, 1.099511051177978516e+01, -9.437636566162109375e+01
5.861672592163085938e+01, 9.852069854736328125e+01, 1.049651718139648438e+01, -9.386395263671875000e+01
5.867293548583984375e+01, 9.846662139892578125e+01, 1.078204154968261719e+01, -9.434262084960937500e+01
5.875172042846679688e+01, 9.844583129882812500e+01, 1.058525085449218750e+01, -9.434729766845703125e+01
5.884911727905273438e+01, 9.841101074218750000e+01, 1.032115745544433594e+01, -9.419650268554687500e+01
5.894829177856445312e+01, 9.838418579101562500e+01, 1.044764232635498047e+01, -9.444228363037109375e+01
5.904614639282226562e+01, 9.832095336914062500e+01, 1.028460979461669922e+01, -9.435959625244140625e+01
5.910782241821289062e+01, 9.828485870361328125e+01, 1.033642673492431641e+01, -9.440106201171875000e+01
5.920380401611328125e+01, 9.823780059814453125e+01, 1.003869724273681641e+01, -9.421884155273437500e+01
5.931509399414062500e+01, 9.820723724365234375e+01, 9.953163146972656250e+00, -9.444132995605468750e+01
5.939000701904296875e+01, 9.814830780029296875e+01, 1.000348472595214844e+01, -9.454535675048828125e+01
5.946926498413085938e+01, 9.809034729003906250e+01, 9.939851760864257812e+00, -9.453550720214843750e+01
5.955861282348632812e+01, 9.804064178466796875e+01, 9.340592384338378906e+00, -9.403669738769531250e+01
5.963675689697265625e+01, 9.800650024414062500e+01, 8.994327545166015625e+00, -9.381446075439453125e+01
5.971568298339843750e+01, 9.797027587890625000e+01, 9.099272727966308594e+00, -9.397286224365234375e+01
5.979880523681640625e+01, 9.792710113525390625e+01, 8.734348297119140625e+00, -9.361550903320312500e+01
5.986690902709960938e+01, 9.787892913818359375e+01, 8.883837699890136719e+00, -9.372364807128906250e+01
5.994738388061523438e+01, 9.782418060302734375e+01, 8.846455574035644531e+00, -9.375132751464843750e+01
6.001751327514648438e+01, 9.776799774169921875e+01, 8.853002548217773438e+00, -9.381725311279296875e+01
6.008319091796875000e+01, 9.772296905517578125e+01, 9.116769790649414062e+00, -9.402796173095703125e+01
6.015601730346679688e+01, 9.766979980468750000e+01, 9.245236396789550781e+00, -9.452632904052734375e+01
6.025534820556640625e+01, 9.762891387939453125e+01, 9.544207572937011719e+00, -9.501345825195312500e+01
6.033716964721679688e+01, 9.756689453125000000e+01, 9.569295883178710938e+00, -9.516064453125000000e+01
6.041321945190429688e+01, 9.752114868164062500e+01, 9.434697151184082031e+00, -9.500852203369140625e+01
6.050688552856445312e+01, 9.748312377929687500e+01, 8.560927391052246094e+00, -9.421144104003906250e+01
6.059733963012695312e+01, 9.742363739013671875e+01, 8.849568367004394531e+00, -9.434458923339843750e+01
6.063534927368164062e+01, 9.738705444335937500e+01, 8.779089927673339844e+00, -9.433045196533203125e+01
6.072275924682617188e+01, 9.734553527832031250e+01, 8.741236686706542969e+00, -9.429133605957031250e+01
6.082072830200195312e+01, 9.731409454345703125e+01, 8.525021553039550781e+00, -9.429614257812500000e+01
6.092436981201171875e+01, 9.728376007080078125e+01, 8.532230377197265625e+00, -9.430953979492187500e+01
6.101039123535156250e+01, 9.722512817382812500e+01, 8.919598579406738281e+00, -9.443036651611328125e+01
6.110475158691406250e+01, 9.715789031982421875e+01, 9.153950691223144531e+00, -9.473003387451171875e+01
6.118920135498046875e+01, 9.713224029541015625e+01, 9.066853523254394531e+00, -9.475831604003906250e+01
6.126850509643554688e+01, 9.709426116943359375e+01, 9.006336212158203125e+00, -9.487039184570312500e+01
6.135966491699218750e+01, 9.705129241943359375e+01, 9.218350410461425781e+00, -9.498383331298828125e+01
6.145540618896484375e+01, 9.699916839599609375e+01, 9.473774909973144531e+00, -9.538329315185546875e+01
6.152456665039062500e+01, 9.696060943603515625e+01, 9.779109001159667969e+00, -9.559140777587890625e+01
6.161121368408203125e+01, 9.689978790283203125e+01, 1.010364246368408203e+01, -9.586634826660156250e+01
6.167360305786132812e+01, 9.685152435302734375e+01, 9.403469085693359375e+00, -9.512571716308593750e+01
6.174240875244140625e+01, 9.679450988769531250e+01, 9.646063804626464844e+00, -9.547461700439453125e+01
6.183083724975585938e+01, 9.673049163818359375e+01, 1.013989448547363281e+01, -9.604762268066406250e+01
6.191242599487304688e+01, 9.668585968017578125e+01, 1.039547729492187500e+01, -9.634772491455078125e+01
6.199285507202148438e+01, 9.663112640380859375e+01, 1.047845172882080078e+01, -9.640238952636718750e+01
6.208380508422851562e+01, 9.657268524169921875e+01, 1.000988388061523438e+01, -9.601669311523437500e+01
6.215682983398437500e+01, 9.651892852783203125e+01, 9.474725723266601562e+00, -9.567263793945312500e+01
6.227001190185546875e+01, 9.648166656494140625e+01, 9.617068290710449219e+00, -9.592570495605468750e+01
6.236301040649414062e+01, 9.643587493896484375e+01, 1.025422668457031250e+01, -9.662084197998046875e+01
6.244736480712890625e+01, 9.638686370849609375e+01, 1.091093158721923828e+01, -9.723577880859375000e+01
6.251065444946289062e+01, 9.634901428222656250e+01, 1.067317008972167969e+01, -9.712242889404296875e+01
6.260063171386718750e+01, 9.631862640380859375e+01, 1.073239898681640625e+01, -9.703321838378906250e+01
6.271123504638671875e+01, 9.626763153076171875e+01, 1.041472053527832031e+01, -9.680973815917968750e+01
6.280014801025390625e+01, 9.621054840087890625e+01, 1.031100559234619141e+01, -9.669683837890625000e+01
6.288734436035156250e+01, 9.616360473632812500e+01, 1.014667510986328125e+01, -9.672956848144531250e+01
6.294357681274414062e+01, 9.612944793701171875e+01, 9.854308128356933594e+00, -9.677868652343750000e+01
6.301621246337890625e+01, 9.607767486572265625e+01, 9.721312522888183594e+00, -9.656504058837890625e+01
6.307066726684570312e+01, 9.603086853027343750e+01, 9.733450889587402344e+00, -9.643923950195312500e+01
6.313873672485351562e+01, 9.597731781005859375e+01, 9.667688369750976562e+00, -9.635494232177734375e+01
6.322300338745117188e+01, 9.591775512695312500e+01, 9.764105796813964844e+00, -9.659290313720703125e+01
6.326813125610351562e+01, 9.588455963134765625e+01, 9.681725502014160156e+00, -9.663359069824218750e+01
6.333172988891601562e+01, 9.584708404541015625e+01, 9.506253242492675781e+00, -9.644483947753906250e+01
6.342642211914062500e+01, 9.580374145507812500e+01, 8.874413490295410156e+00, -9.578490447998046875e+01
6.350168609619140625e+01, 9.577661132812500000e+01, 9.058102607727050781e+00, -9.616043090820312500e+01
6.356786346435546875e+01, 9.572682189941406250e+01, 9.480380058288574219e+00, -9.652959442138671875e+01
6.364854812622070312e+01, 9.567955780029296875e+01, 9.442014694213867188e+00, -9.655711364746093750e+01
6.373248672485351562e+01, 9.563203430175781250e+01, 9.259882926940917969e+00, -9.643614959716796875e+01
6.382687759399414062e+01, 9.560489654541015625e+01, 9.178025245666503906e+00, -9.644065856933593750e+01
6.393424987792968750e+01, 9.556512451171875000e+01, 8.562823295593261719e+00, -9.582628631591796875e+01
6.401438903808593750e+01, 9.550328063964843750e+01, 7.952434539794921875e+00, -9.521333312988281250e+01
6.408973693847656250e+01, 9.547346496582031250e+01, 7.778169155120849609e+00, -9.520230865478515625e+01
6.415953826904296875e+01, 9.541790008544921875e+01, 7.622957706451416016e+00, -9.525256347656250000e+01
6.426828765869140625e+01, 9.537081146240234375e+01, 7.694801807403564453e+00, -9.546255493164062500e+01
6.436096191406250000e+01, 9.530700683593750000e+01, 7.718759059906005859e+00, -9.539698028564453125e+01
6.447545623779296875e+01, 9.525469207763671875e+01, 7.653977394104003906e+00, -9.545600891113281250e+01
6.456311798095703125e+01, 9.518791198730468750e+01, 7.868558883666992188e+00, -9.562675476074218750e+01
6.464095306396484375e+01, 9.513062286376953125e+01, 7.514701366424560547e+00, -9.529524230957031250e+01
6.471963500976562500e+01, 9.507036590576171875e+01, 7.345326423645019531e+00, -9.516324615478515625e+01
6.483105468750000000e+01, 9.502662658691406250e+01, 7.028793811798095703e+00, -9.498876190185546875e+01
6.493874359130859375e+01, 9.498030853271484375e+01, 7.113067626953125000e+00, -9.519319152832031250e+01
6.502031707763671875e+01, 9.493347167968750000e+01, 7.583867549896240234e+00, -9.565077972412109375e+01
6.510556030273437500e+01, 9.487781524658203125e+01, 8.029156684875488281e+00, -9.601207733154296875e+01
6.514891815185546875e+01, 9.483924865722656250e+01, 8.477297782897949219e+00, -9.642298126220703125e+01
6.524091339111328125e+01, 9.480319213867187500e+01, 8.136487960815429688e+00, -9.611753845214843750e+01
6.530950927734375000e+01, 9.475559997558593750e+01, 8.625470161437988281e+00, -9.647242736816406250e+01
6.541298675537109375e+01, 9.469854736328125000e+01, 8.384316444396972656e+00, -9.620929718017578125e+01
6.550287628173828125e+01, 9.462256622314453125e+01, 8.572929382324218750e+00, -9.629252624511718750e+01
6.560349273681640625e+01, 9.456790924072265625e+01, 8.493401527404785156e+00, -9.636330413818359375e+01
6.567588806152343750e+01, 9.451549530029296875e+01, 8.544694900512695312e+00, -9.624740600585937500e+01
6.575875854492187500e+01, 9.448143005371093750e+01, 8.476161956787109375e+00, -9.641681671142578125e+01
6.585198211669921875e+01, 9.443732452392578125e+01, 8.890293121337890625e+00, -9.691200256347656250e+01
6.593574523925781250e+01, 9.438450622558593750e+01, 8.649109840393066406e+00, -9.701804351806640625e+01
6.599509429931640625e+01, 9.434138488769531250e+01, 8.511924743652343750e+00, -9.673264312744140625e+01
6.606002044677734375e+01, 9.429040527343750000e+01, 8.510724067687988281e+00, -9.666036987304687500e+01
6.614013671875000000e+01, 9.426866149902343750e+01, 8.947935104370117188e+00, -9.710883331298828125e+01
6.620472717285156250e+01, 9.422327423095703125e+01, 8.698076248168945312e+00, -9.682715606689453125e+01
6.629241180419921875e+01, 9.417594909667968750e+01, 8.665050506591796875e+00, -9.694441986083984375e+01
6.640432739257812500e+01, 9.411988830566406250e+01, 8.242445945739746094e+00, -9.678137207031250000e+01
6.649954223632812500e+01, 9.406380462646484375e+01, 8.272872924804687500e+00, -9.692951202392578125e+01
6.657701110839843750e+01, 9.400769042968750000e+01, 8.004055023193359375e+00, -9.669739532470703125e+01
6.664672851562500000e+01, 9.395790863037109375e+01, 7.693645477294921875e+00, -9.616233825683593750e+01
6.672062683105468750e+01, 9.390724945068359375e+01, 7.544653892517089844e+00, -9.623393249511718750e+01
6.680950927734375000e+01, 9.385394287109375000e+01, 7.659572124481201172e+00, -9.647439575195312500e+01
6.687824249267578125e+01, 9.382553863525390625e+01, 7.715723514556884766e+00, -9.658420562744140625e+01
6.693818664550781250e+01, 9.378789520263671875e+01, 7.693685531616210938e+00, -9.674208831787109375e+01
6.700411224365234375e+01, 9.374875640869140625e+01, 7.474659919738769531e+00, -9.672917938232421875e+01
6.707816314697265625e+01, 9.368238067626953125e+01, 7.238915443420410156e+00, -9.673569488525390625e+01
6.713988494873046875e+01, 9.364272308349609375e+01, 7.241755485534667969e+00, -9.669983673095703125e+01
6.722244262695312500e+01, 9.359027099609375000e+01, 7.502950668334960938e+00, -9.679233551025390625e+01
6.730393218994140625e+01, 9.351605224609375000e+01, 7.518211841583251953e+00, -9.657971954345703125e+01
6.740785217285156250e+01, 9.350093841552734375e+01, 7.799696445465087891e+00, -9.707977294921875000e+01
6.750022125244140625e+01, 9.344766235351562500e+01, 7.889028549194335938e+00, -9.722318267822265625e+01
6.759263610839843750e+01, 9.339500427246093750e+01, 7.545725822448730469e+00, -9.700640106201171875e+01
6.767324829101562500e+01, 9.334331512451171875e+01, 7.361952304840087891e+00, -9.679750061035156250e+01
6.774345397949218750e+01, 9.329140472412109375e+01, 7.371450901031494141e+00, -9.672007751464843750e+01
6.782790374755859375e+01, 9.322805023193359375e+01, 7.372810840606689453e+00, -9.676685333251953125e+01
6.791111755371093750e+01, 9.318916320800781250e+01, 7.134777545928955078e+00, -9.657540130615234375e+01
6.800779724121093750e+01, 9.314308166503906250e+01, 7.162367820739746094e+00, -9.669251251220703125e+01
6.806116485595703125e+01, 9.310149383544921875e+01, 7.702330589294433594e+00, -9.731872558593750000e+01
6.814962005615234375e+01, 9.305035400390625000e+01, 7.435485363006591797e+00, -9.720292663574218750e+01
6.822399139404296875e+01, 9.299510192871093750e+01, 7.145926952362060547e+00, -9.671524810791015625e+01
6.829579925537109375e+01, 9.295798492431640625e+01, 6.742599964141845703e+00, -9.638521575927734375e+01
6.837739562988281250e+01, 9.290670776367187500e+01, 6.743515014648437500e+00, -9.643004608154296875e+01
6.846813964843750000e+01, 9.285286712646484375e+01, 6.495305538177490234e+00, -9.632403564453125000e+01
6.856178283691406250e+01, 9.280619049072265625e+01, 6.766607284545898438e+00, -9.668762207031250000e+01
6.867519378662109375e+01, 9.273940277099609375e+01, 6.661171436309814453e+00, -9.664667510986328125e+01
6.875936889648437500e+01, 9.270782470703125000e+01, 7.355487346649169922e+00, -9.747129058837890625e+01
6.884414672851562500e+01, 9.265086364746093750e+01, 7.511779308319091797e+00, -9.762430572509765625e+01
6.893157196044921875e+01, 9.259857940673828125e+01, 7.866258621215820312e+00, -9.775752258300781250e+01
6.902973175048828125e+01, 9.253356933593750000e+01, 8.194363594055175781e+00, -9.793866729736328125e+01
6.912923431396484375e+01, 9.247577667236328125e+01, 8.267559051513671875e+00, -9.795043945312500000e+01
6.923645019531250000e+01, 9.240952301025390625e+01, 8.322946548461914062e+00, -9.794910430908203125e+01
6.930770874023437500e+01, 9.234883117675781250e+01, 8.770825386047363281e+00, -9.853638458251953125e+01
6.941102600097656250e+01, 9.228702545166015625e+01, 9.082430839538574219e+00, -9.903353881835937500e+01
6.950519561767578125e+01, 9.223627471923828125e+01, 9.356526374816894531e+00, -9.958589935302734375e+01
6.961154174804687500e+01, 9.217036437988281250e+01, 9.630803108215332031e+00, -9.992033386230468750e+01
6.970897674560546875e+01, 9.210239410400390625e+01, 9.906687736511230469e+00, -1.002162322998046875e+02
6.978945922851562500e+01, 9.204845428466796875e+01, 9.553039550781250000e+00, -1.000506668090820312e+02
6.985932922363281250e+01, 9.201824951171875000e+01, 9.577951431274414062e+00, -1.000546798706054688e+02
6.995420074462890625e+01, 9.195306396484375000e+01, 9.746598243713378906e+00, -1.001222305297851562e+02
7.004547882080078125e+01, 9.189010620117187500e+01, 9.676909446716308594e+00, -1.001520462036132812e+02
7.011687469482421875e+01, 9.183987426757812500e+01, 9.485560417175292969e+00, -1.001448135375976562e+02
7.018048858642578125e+01, 9.178852081298828125e+01, 9.691223144531250000e+00, -1.003686218261718750e+02
7.025631713867187500e+01, 9.173612976074218750e+01, 9.517042160034179688e+00, -1.002649688720703125e+02
7.033600616455078125e+01, 9.169000244140625000e+01, 9.149704933166503906e+00, -9.970442962646484375e+01
7.041352081298828125e+01, 9.163062286376953125e+01, 9.197585105895996094e+00, -9.973365020751953125e+01
7.049015808105468750e+01, 9.158243560791015625e+01, 9.453177452087402344e+00, -9.996501922607421875e+01
7.057089233398437500e+01, 9.153295898437500000e+01, 9.076128959655761719e+00, -9.973082733154296875e+01
7.064973449707031250e+01, 9.147235870361328125e+01, 9.246187210083007812e+00, -9.991790008544921875e+01
7.073417663574218750e+01, 9.140653991699218750e+01, 9.205489158630371094e+00, -9.982436370849609375e+01
7.081812286376953125e+01, 9.135855102539062500e+01, 8.966485023498535156e+00, -9.968665313720703125e+01
7.088931274414062500e+01, 9.132661437988281250e+01, 9.373785018920898438e+00, -1.001519622802734375e+02
7.095587921142578125e+01, 9.128381347656250000e+01, 9.027306556701660156e+00, -9.963632202148437500e+01
7.104692077636718750e+01, 9.123468780517578125e+01, 8.572246551513671875e+00, -9.924224853515625000e+01
7.112613677978515625e+01, 9.118769836425781250e+01, 8.435002326965332031e+00, -9.933157348632812500e+01
7.118940734863281250e+01, 9.115182495117187500e+01, 8.582265853881835938e+00, -9.958251953125000000e+01
7.131176757812500000e+01, 9.108654785156250000e+01, 8.682244300842285156e+00, -9.971991729736328125e+01
7.139527130126953125e+01, 9.102539825439453125e+01, 8.915521621704101562e+00, -9.986724090576171875e+01
7.143759918212890625e+01, 9.097968292236328125e+01, 8.911588668823242188e+00, -9.991366577148437500e+01
7.151624298095703125e+01, 9.093318176269531250e+01, 8.871906280517578125e+00, -9.987809753417968750e+01
7.158579254150390625e+01, 9.088314819335937500e+01, 9.053055763244628906e+00, -1.001421661376953125e+02
7.166960906982421875e+01, 9.083331298828125000e+01, 9.070574760437011719e+00, -1.001481781005859375e+02
7.175968933105468750e+01, 9.078925323486328125e+01, 8.895921707153320312e+00, -1.000256423950195312e+02
7.181636810302734375e+01, 9.073888397216796875e+01, 8.421924591064453125e+00, -9.952357482910156250e+01
7.189410400390625000e+01, 9.068701934814453125e+01, 8.335600852966308594e+00, -9.939450836181640625e+01
7.197901153564453125e+01, 9.063353729248046875e+01, 8.549066543579101562e+00, -9.971714782714843750e+01
7.202623748779296875e+01, 9.060747528076171875e+01, 9.001061439514160156e+00, -1.001757278442382812e+02
7.210349273681640625e+01, 9.057653045654296875e+01, 9.066198348999023438e+00, -1.001991195678710938e+02
7.216838836669921875e+01, 9.051029968261718750e+01, 8.947848320007324219e+00, -9.979711151123046875e+01
7.223913574218750000e+01, 9.047426605224609375e+01, 8.957341194152832031e+00, -9.973445129394531250e+01
7.231215667724609375e+01, 9.040633392333984375e+01, 9.229674339294433594e+00, -1.000192489624023438e+02
7.240484619140625000e+01, 9.034562683105468750e+01, 8.962010383605957031e+00, -9.967325592041015625e+01
7.249893188476562500e+01, 9.027834320068359375e+01, 9.078122138977050781e+00, -9.985379791259765625e+01
7.259004211425781250e+01, 9.021710968017578125e+01, 9.371193885803222656e+00, -1.002056579589843750e+02
7.266666412353515625e+01, 9.017366027832031250e+01, 9.566736221313476562e+00, -1.002437362670898438e+02
7.277657318115234375e+01, 9.011772918701171875e+01, 9.397418975830078125e+00, -1.002210006713867188e+02
7.282456207275390625e+01, 9.006934356689453125e+01, 9.021896362304687500e+00, -9.966421508789062500e+01
7.289781951904296875e+01, 9.000083160400390625e+01, 8.745985031127929688e+00, -9.929433441162109375e+01
7.298722839355468750e+01, 8.992621612548828125e+01, 8.453392028808593750e+00, -9.899355316162109375e+01
7.306724548339843750e+01, 8.985691070556640625e+01, 8.548546791076660156e+00, -9.895917510986328125e+01
7.314257049560546875e+01, 8.981236267089843750e+01, 7.981858253479003906e+00, -9.845219421386718750e+01
7.323939514160156250e+01, 8.974769592285156250e+01, 8.036874771118164062e+00, -9.876216888427734375e+01
7.329109191894531250e+01, 8.970040893554687500e+01, 8.072034835815429688e+00, -9.878306579589843750e+01
7.340069580078125000e+01, 8.964479827880859375e+01, 8.311882972717285156e+00, -9.912403869628906250e+01
7.346146392822265625e+01, 8.959740447998046875e+01, 8.226922988891601562e+00, -9.918912506103515625e+01
7.353434753417968750e+01, 8.955763244628906250e+01, 8.122037887573242188e+00, -9.889702606201171875e+01
7.362462615966796875e+01, 8.948583984375000000e+01, 8.738576889038085938e+00, -9.954245758056640625e+01
7.368190765380859375e+01, 8.945472717285156250e+01, 8.416496276855468750e+00, -9.951285552978515625e+01
7.376090240478515625e+01, 8.939437103271484375e+01, 8.829038619995117188e+00, -1.000094299316406250e+02
7.386266326904296875e+01, 8.933020782470703125e+01, 9.218894958496093750e+00, -1.005863342285156250e+02
7.394733428955078125e+01, 8.926984405517578125e+01, 9.147469520568847656e+00, -1.005482406616210938e+02
7.399951171875000000e+01, 8.920907592773437500e+01, 9.531704902648925781e+00, -1.008263092041015625e+02
7.406685638427734375e+01, 8.916986846923828125e+01, 9.856811523437500000e+00, -1.012712097167968750e+02
7.413191223144531250e+01, 8.912567901611328125e+01, 9.602447509765625000e+00, -1.011263351440429688e+02
7.418645477294921875e+01, 8.909726715087890625e+01, 9.478674888610839844e+00, -1.009903259277343750e+02
7.427684783935546875e+01, 8.903410339355468750e+01, 9.805754661560058594e+00, -1.014847793579101562e+02
7.436047363281250000e+01, 8.895810699462890625e+01, 9.908009529113769531e+00, -1.017133026123046875e+02
7.443281555175781250e+01, 8.890204620361328125e+01, 9.684607505798339844e+00, -1.014562835693359375e+02
7.451122283935546875e+01, 8.883196258544921875e+01, 9.690677642822265625e+00, -1.014118347167968750e+02
7.458981323242187500e+01, 8.878046417236328125e+01, 1.012586402893066406e+01, -1.016534805297851562e+02
7.467278289794921875e+01, 8.872090911865234375e+01, 1.011958312988281250e+01, -1.015310516357421875e+02
7.476220703125000000e+01, 8.866136169433593750e+01, 1.029445648193359375e+01, -1.017493362426757812e+02
7.482946014404296875e+01, 8.860503387451171875e+01, 1.018035793304443359e+01, -1.016390075683593750e+02
7.490813446044921875e+01, 8.853469085693359375e+01, 1.052467727661132812e+01, -1.019626846313476562e+02
7.499610137939453125e+01, 8.850449371337890625e+01, 1.061228370666503906e+01, -1.021443557739257812e+02
7.509906005859375000e+01, 8.843890380859375000e+01, 1.031217288970947266e+01, -1.018712081909179688e+02
7.517062377929687500e+01, 8.839280700683593750e+01, 1.068587684631347656e+01, -1.023065185546875000e+02
7.526803588867187500e+01, 8.834181213378906250e+01, 1.023532867431640625e+01, -1.018660736083984375e+02
7.533543395996093750e+01, 8.830657196044921875e+01, 1.020447540283203125e+01, -1.018684997558593750e+02
7.543330383300781250e+01, 8.825055694580078125e+01, 1.034230709075927734e+01, -1.021002960205078125e+02
7.551396942138671875e+01, 8.820826721191406250e+01, 1.033529949188232422e+01, -1.022934265136718750e+02
7.558775329589843750e+01, 8.815240478515625000e+01, 1.073191547393798828e+01, -1.026211471557617188e+02
7.566896057128906250e+01, 8.809661865234375000e+01, 1.062032032012939453e+01, -1.024795989990234375e+02
7.576622009277343750e+01, 8.802848815917968750e+01, 1.067342090606689453e+01, -1.025435028076171875e+02
7.583778381347656250e+01, 8.797911834716796875e+01, 1.074370670318603516e+01, -1.025467987060546875e+02
7.589712524414062500e+01, 8.792877960205078125e+01, 1.068333721160888672e+01, -1.026767578125000000e+02
7.595577239990234375e+01, 8.788246917724609375e+01, 1.059029865264892578e+01, -1.027265777587890625e+02
7.601968383789062500e+01, 8.783116912841796875e+01, 1.106334018707275391e+01, -1.030939407348632812e+02
7.612404632568359375e+01, 8.776738739013671875e+01, 1.127350234985351562e+01, -1.032422790527343750e+02
7.619886779785156250e+01, 8.771976470947265625e+01, 1.098269176483154297e+01, -1.030555114746093750e+02
7.629461669921875000e+01, 8.765505981445312500e+01, 1.056731605529785156e+01, -1.025933456420898438e+02
7.640251922607421875e+01, 8.759058380126953125e+01, 1.081012630462646484e+01, -1.029815063476562500e+02
7.647694396972656250e+01, 8.752563476562500000e+01, 1.104243946075439453e+01, -1.029371337890625000e+02
7.656163024902343750e+01, 8.746065521240234375e+01, 1.083650970458984375e+01, -1.028186950683593750e+02
7.665277862548828125e+01, 8.740139007568359375e+01, 1.064599037170410156e+01, -1.027575607299804688e+02
7.674331665039062500e+01, 8.735617828369140625e+01, 1.066445732116699219e+01, -1.027900009155273438e+02
7.684239196777343750e+01, 8.729796600341796875e+01, 1.080992603302001953e+01, -1.029227828979492188e+02
7.692005157470703125e+01, 8.723605346679687500e+01, 1.135730934143066406e+01, -1.034592742919921875e+02
7.700223541259765625e+01, 8.718235015869140625e+01, 1.139075660705566406e+01, -1.035633468627929688e+02
7.703231048583984375e+01, 8.713612365722656250e+01, 1.092504787445068359e+01, -1.026752166748046875e+02
7.710811614990234375e+01, 8.708231353759765625e+01, 1.156730079650878906e+01, -1.032903976440429688e+02
7.719136810302734375e+01, 8.701331329345703125e+01, 1.149522590637207031e+01, -1.032749633789062500e+02
7.725318145751953125e+01, 8.696908569335937500e+01, 1.172294139862060547e+01, -1.033530273437500000e+02
7.732177734375000000e+01, 8.690536499023437500e+01, 1.193790435791015625e+01, -1.035043945312500000e+02
7.738636779785156250e+01, 8.683615875244140625e+01, 1.212221336364746094e+01, -1.037143249511718750e+02
7.746232604980468750e+01, 8.676443481445312500e+01, 1.233720874786376953e+01, -1.038503494262695312e+02
7.752741241455078125e+01, 8.669966888427734375e+01, 1.277430057525634766e+01, -1.042418212890625000e+02
7.762552642822265625e+01, 8.664551544189453125e+01, 1.309676361083984375e+01, -1.043937530517578125e+02
7.771614074707031250e+01, 8.658704376220703125e+01, 1.321103191375732422e+01, -1.044900436401367188e+02
7.780771636962890625e+01, 8.654499053955078125e+01, 1.284490203857421875e+01, -1.040758743286132812e+02
7.791084289550781250e+01, 8.648010253906250000e+01, 1.279361820220947266e+01, -1.041050872802734375e+02
7.798522186279296875e+01, 8.641957855224609375e+01, 1.297796630859375000e+01, -1.043617172241210938e+02
7.807172393798828125e+01, 8.636140441894531250e+01, 1.348979568481445312e+01, -1.047326126098632812e+02
7.813307952880859375e+01, 8.630960083007812500e+01, 1.370388889312744141e+01, -1.049188766479492188e+02
7.821424102783203125e+01, 8.624783325195312500e+01, 1.279466056823730469e+01, -1.041634597778320312e+02
7.827986907958984375e+01, 8.620113372802734375e+01, 1.286793422698974609e+01, -1.043519668579101562e+02
7.834856414794921875e+01, 8.614865875244140625e+01, 1.310888290405273438e+01, -1.045337066650390625e+02
7.845503234863281250e+01, 8.607994842529296875e+01, 1.324776077270507812e+01, -1.047363891601562500e+02
7.853718566894531250e+01, 8.602011871337890625e+01, 1.330873012542724609e+01, -1.047776794433593750e+02
7.861666870117187500e+01, 8.594834136962890625e+01, 1.360852527618408203e+01, -1.050232315063476562e+02
7.868998718261718750e+01, 8.587480926513671875e+01, 1.360616302490234375e+01, -1.047499694824218750e+02
7.876396179199218750e+01, 8.581136322021484375e+01, 1.350194168090820312e+01, -1.046283416748046875e+02
7.887290954589843750e+01, 8.573481750488281250e+01, 1.373626518249511719e+01, -1.047291793823242188e+02
7.895594787597656250e+01, 8.567546081542968750e+01, 1.382513046264648438e+01, -1.048663101196289062e+02
7.903076171875000000e+01, 8.561069488525390625e+01, 1.362065696716308594e+01, -1.046292724609375000e+02
7.911316680908203125e+01, 8.555865478515625000e+01, 1.391850662231445312e+01, -1.050125503540039062e+02
7.920157623291015625e+01, 8.549091339111328125e+01, 1.354713916778564453e+01, -1.046112136840820312e+02
7.926081848144531250e+01, 8.543040466308593750e+01, 1.352143764495849609e+01, -1.045534057617187500e+02
7.934896087646484375e+01, 8.537528228759765625e+01, 1.379671382904052734e+01, -1.050521621704101562e+02
7.942210388183593750e+01, 8.531211853027343750e+01, 1.379531097412109375e+01, -1.049795608520507812e+02
7.947483062744140625e+01, 8.524755859375000000e+01, 1.374521636962890625e+01, -1.046266860961914062e+02
7.954721832275390625e+01, 8.518231964111328125e+01, 1.356731319427490234e+01, -1.044911804199218750e+02
7.962192535400390625e+01, 8.511639404296875000e+01, 1.391981792449951172e+01, -1.045557098388671875e+02
7.968968200683593750e+01, 8.506311798095703125e+01, 1.436975383758544922e+01, -1.047601623535156250e+02
7.976219940185546875e+01, 8.500566864013671875e+01, 1.433479881286621094e+01, -1.045480194091796875e+02
7.983381652832031250e+01, 8.494088745117187500e+01, 1.504004764556884766e+01, -1.051913909912109375e+02
7.991133117675781250e+01, 8.487531280517578125e+01, 1.486012554168701172e+01, -1.050603713989257812e+02
7.995078277587890625e+01, 8.483287048339843750e+01, 1.471074581146240234e+01, -1.048417663574218750e+02
8.003907012939453125e+01, 8.475610351562500000e+01, 1.461809825897216797e+01, -1.045742416381835938e+02
8.010797119140625000e+01, 8.471799468994140625e+01, 1.472307300567626953e+01, -1.046910858154296875e+02
8.018798828125000000e+01, 8.465266418457031250e+01, 1.481572914123535156e+01, -1.047259674072265625e+02
8.027809143066406250e+01, 8.457785797119140625e+01, 1.498888397216796875e+01, -1.047993392944335938e+02
8.035923767089843750e+01, 8.452360534667968750e+01, 1.487350940704345703e+01, -1.045395660400390625e+02
8.043193054199218750e+01, 8.445656585693359375e+01, 1.509457492828369141e+01, -1.047866134643554688e+02
8.051981353759765625e+01, 8.438890838623046875e+01, 1.519668483734130859e+01, -1.047961654663085938e+02
8.057817840576171875e+01, 8.432287597656250000e+01, 1.556896018981933594e+01, -1.052577590942382812e+02
8.065710449218750000e+01, 8.423474121093750000e+01, 1.583456516265869141e+01, -1.053775711059570312e+02
8.072267150878906250e+01, 8.417398834228515625e+01, 1.577166461944580078e+01, -1.053497238159179688e+02
8.083152770996093750e+01, 8.410835266113281250e+01, 1.569909572601318359e+01, -1.052331619262695312e+02
8.087162017822265625e+01, 8.406902313232421875e+01, 1.572585296630859375e+01, -1.051333923339843750e+02
8.094153594970703125e+01, 8.402220916748046875e+01, 1.542981624603271484e+01, -1.047339401245117188e+02
8.102951812744140625e+01, 8.395050048828125000e+01, 1.567636585235595703e+01, -1.051787872314453125e+02
8.110176086425781250e+01, 8.388805389404296875e+01, 1.546870422363281250e+01, -1.048044815063476562e+02
8.118267059326171875e+01, 8.384697723388671875e+01, 1.554447174072265625e+01, -1.048068237304687500e+02
8.126514434814453125e+01, 8.379202270507812500e+01, 1.571693325042724609e+01, -1.049590301513671875e+02
8.135265350341796875e+01, 8.373178863525390625e+01, 1.503883552551269531e+01, -1.042966918945312500e+02
8.144252014160156250e+01, 8.365329742431640625e+01, 1.495760822296142578e+01, -1.042680053710937500e+02
8.151877593994140625e+01, 8.360957336425781250e+01, 1.430029487609863281e+01, -1.036052474975585938e+02
8.157769775390625000e+01, 8.355763244628906250e+01, 1.408854770660400391e+01, -1.033851165771484375e+02
8.165953826904296875e+01, 8.349214172363281250e+01, 1.380348777770996094e+01, -1.030189743041992188e+02
8.171028137207031250e+01, 8.344522094726562500e+01, 1.407513809204101562e+01, -1.031470031738281250e+02
8.174813079833984375e+01, 8.340180206298828125e+01, 1.363562583923339844e+01, -1.029257431030273438e+02
8.182281494140625000e+01, 8.333182525634765625e+01, 1.369627761840820312e+01, -1.026166992187500000e+02
8.189016723632812500e+01, 8.326375579833984375e+01, 1.418984603881835938e+01, -1.029690933227539062e+02
8.196710968017578125e+01, 8.319718933105468750e+01, 1.415915393829345703e+01, -1.027681579589843750e+02
8.206136322021484375e+01, 8.315145111083984375e+01, 1.410756397247314453e+01, -1.027953796386718750e+02
8.210686492919921875e+01, 8.310845184326171875e+01, 1.404171657562255859e+01, -1.026087112426757812e+02
8.215689849853515625e+01, 8.306192016601562500e+01, 1.374003505706787109e+01, -1.023026657104492188e+02
8.220669555664062500e+01, 8.300779724121093750e+01, 1.445584774017333984e+01, -1.026930618286132812e+02
8.227355194091796875e+01, 8.295114135742187500e+01, 1.511410522460937500e+01, -1.033716201782226562e+02
8.236770629882812500e+01, 8.288249206542968750e+01, 1.537575149536132812e+01, -1.036240768432617188e+02
8.241561126708984375e+01, 8.283866882324218750e+01, 1.581964397430419922e+01, -1.037922363281250000e+02
8.250194549560546875e+01, 8.277597045898437500e+01, 1.598632144927978516e+01, -1.039680938720703125e+02
8.257248687744140625e+01, 8.272515869140625000e+01, 1.648554420471191406e+01, -1.042758026123046875e+02
8.263761901855468750e+01, 8.265796661376953125e+01, 1.620985221862792969e+01, -1.039653167724609375e+02
8.270306396484375000e+01, 8.261060333251953125e+01, 1.620806121826171875e+01, -1.040717620849609375e+02
8.278352355957031250e+01, 8.254596710205078125e+01, 1.617229652404785156e+01, -1.038945465087890625e+02
8.285300445556640625e+01, 8.247916412353515625e+01, 1.627711296081542969e+01, -1.039493789672851562e+02
8.291557312011718750e+01, 8.242565155029296875e+01, 1.627258872985839844e+01, -1.038004684448242188e+02
8.299735260009765625e+01, 8.236595916748046875e+01, 1.649829292297363281e+01, -1.037453994750976562e+02
8.306752014160156250e+01, 8.231630706787109375e+01, 1.600779533386230469e+01, -1.031483764648437500e+02
8.314463806152343750e+01, 8.226189422607421875e+01, 1.574320697784423828e+01, -1.029871597290039062e+02
8.321337890625000000e+01, 8.220687103271484375e+01, 1.608164405822753906e+01, -1.032416229248046875e+02
8.327061462402343750e+01, 8.215097045898437500e+01, 1.625705337524414062e+01, -1.032951202392578125e+02
8.333631134033203125e+01, 8.209614562988281250e+01, 1.582809638977050781e+01, -1.028328399658203125e+02
8.340132141113281250e+01, 8.203467559814453125e+01, 1.589846229553222656e+01, -1.027898559570312500e+02
8.347750854492187500e+01, 8.199011993408203125e+01, 1.612183189392089844e+01, -1.031360855102539062e+02
8.357162475585937500e+01, 8.192357635498046875e+01, 1.639775848388671875e+01, -1.033631439208984375e+02
8.364843750000000000e+01, 8.185673522949218750e+01, 1.610150909423828125e+01, -1.031976623535156250e+02
8.370087432861328125e+01, 8.179389190673828125e+01, 1.643312072753906250e+01, -1.034540481567382812e+02
8.376251983642578125e+01, 8.173030853271484375e+01, 1.643883514404296875e+01, -1.035242919921875000e+02
8.382468414306640625e+01, 8.166275024414062500e+01, 1.667200469970703125e+01, -1.036442260742187500e+02
8.389308929443359375e+01, 8.161322021484375000e+01, 1.613385963439941406e+01, -1.031915740966796875e+02
8.399894714355468750e+01, 8.154845428466796875e+01, 1.581769561767578125e+01, -1.029281768798828125e+02
8.407192993164062500e+01, 8.149919891357421875e+01, 1.553860855102539062e+01, -1.025083312988281250e+02
