3.986870193481445312e+01, 1.074324340820312500e+02, 1.072787628173828125e+02, -1.072601242065429688e+02
3.986796951293945312e+01, 1.074308700561523438e+02, 7.903112792968750000e+01, -8.440052032470703125e+01
3.986581039428710938e+01, 1.073467559814453125e+02, 7.674262237548828125e+01, -8.366788482666015625e+01
3.986702346801757812e+01, 1.073376388549804688e+02, 7.181214141845703125e+01, -7.899300384521484375e+01
3.988061904907226562e+01, 1.071568756103515625e+02, 7.284219360351562500e+01, -7.974356842041015625e+01
3.989299011230468750e+01, 1.068889770507812500e+02, 7.071279144287109375e+01, -7.920102691650390625e+01
3.988142395019531250e+01, 1.068563232421875000e+02, 7.054720306396484375e+01, -7.622657775878906250e+01
3.991739273071289062e+01, 1.067873611450195312e+02, 7.034527587890625000e+01, -7.347541046142578125e+01
3.991692733764648438e+01, 1.067895889282226562e+02, 6.795755767822265625e+01, -7.085194396972656250e+01
3.986453628540039062e+01, 1.066044921875000000e+02, 6.792230987548828125e+01, -6.814756011962890625e+01
3.995872497558593750e+01, 1.065672073364257812e+02, 6.617383575439453125e+01, -6.790670013427734375e+01
3.992652511596679688e+01, 1.064581146240234375e+02, 6.443061065673828125e+01, -6.787285614013671875e+01
3.987695693969726562e+01, 1.063622283935546875e+02, 6.429258728027343750e+01, -6.508921051025390625e+01
3.980484771728515625e+01, 1.062176055908203125e+02, 6.409912872314453125e+01, -6.255492019653320312e+01
3.974888229370117188e+01, 1.061262207031250000e+02, 6.233762359619140625e+01, -6.292900466918945312e+01
3.973501586914062500e+01, 1.059719009399414062e+02, 6.074975967407226562e+01, -6.315343093872070312e+01
3.976399230957031250e+01, 1.058550491333007812e+02, 6.101686859130859375e+01, -6.086692428588867188e+01
3.982697296142578125e+01, 1.056588058471679688e+02, 6.101770019531250000e+01, -5.880006027221679688e+01
3.983410263061523438e+01, 1.055993423461914062e+02, 5.948066329956054688e+01, -5.693956375122070312e+01
3.984085464477539062e+01, 1.055386505126953125e+02, 6.005353164672851562e+01, -5.532827758789062500e+01
3.983426666259765625e+01, 1.055387649536132812e+02, 5.839680099487304688e+01, -5.356133651733398438e+01
3.985175704956054688e+01, 1.055162048339843750e+02, 5.675447463989257812e+01, -5.179560470581054688e+01
3.984820556640625000e+01, 1.055145339965820312e+02, 5.509843826293945312e+01, -5.005393981933593750e+01
3.986655426025390625e+01, 1.054457015991210938e+02, 5.356346511840820312e+01, -4.827860641479492188e+01
3.984600067138671875e+01, 1.053895874023437500e+02, 5.423185729980468750e+01, -4.613663482666015625e+01
3.982734680175781250e+01, 1.053040771484375000e+02, 5.275256347656250000e+01, -4.434468460083007812e+01
3.987652587890625000e+01, 1.052666091918945312e+02, 5.120534133911132812e+01, -4.629681396484375000e+01
3.986473846435546875e+01, 1.051134948730468750e+02, 4.936578369140625000e+01, -4.415024948120117188e+01
3.993597412109375000e+01, 1.050337295532226562e+02, 5.028793716430664062e+01, -4.158580017089843750e+01
3.996099853515625000e+01, 1.049174423217773438e+02, 5.129737854003906250e+01, -3.888516235351562500e+01
3.995019531250000000e+01, 1.048381881713867188e+02, 4.959368515014648438e+01, -3.693293380737304688e+01
3.998258972167968750e+01, 1.047133102416992188e+02, 5.121463775634765625e+01, -3.349909210205078125e+01
3.993812561035156250e+01, 1.045889129638671875e+02, 5.297228622436523438e+01, -3.039696884155273438e+01
3.989398956298828125e+01, 1.045490341186523438e+02, 5.151423645019531250e+01, -2.921386146545410156e+01
3.994218444824218750e+01, 1.044865188598632812e+02, 5.406007003784179688e+01, -2.735969924926757812e+01
3.987725448608398438e+01, 1.044320983886718750e+02, 5.544142150878906250e+01, -2.663830757141113281e+01
3.978231048583984375e+01, 1.043990325927734375e+02, 5.692631149291992188e+01, -2.604648590087890625e+01
3.975799560546875000e+01, 1.043302154541015625e+02, 5.553018188476562500e+01, -2.560022354125976562e+01
3.969782638549804688e+01, 1.043230438232421875e+02, 5.420561981201171875e+01, -2.524922752380371094e+01
3.967942810058593750e+01, 1.041162338256835938e+02, 5.195483779907226562e+01, -2.694860267639160156e+01
3.966836166381835938e+01, 1.040252990722656250e+02, 5.079616546630859375e+01, -2.625621986389160156e+01
3.978641510009765625e+01, 1.038435516357421875e+02, 4.931541061401367188e+01, -2.842707824707031250e+01
3.987682342529296875e+01, 1.038841857910156250e+02, 4.776278686523437500e+01, -3.039063453674316406e+01
3.993832778930664062e+01, 1.036781005859375000e+02, 4.709360504150390625e+01, -2.939396858215332031e+01
3.992559814453125000e+01, 1.036489028930664062e+02, 4.895475769042968750e+01, -2.779014205932617188e+01
3.991466522216796875e+01, 1.036112594604492188e+02, 5.045754241943359375e+01, -2.660759925842285156e+01
3.992471313476562500e+01, 1.035835113525390625e+02, 4.972464370727539062e+01, -2.599281120300292969e+01
3.993522262573242188e+01, 1.034745788574218750e+02, 4.775586318969726562e+01, -2.819228935241699219e+01
3.994263839721679688e+01, 1.034058609008789062e+02, 4.718666458129882812e+01, -2.737107276916503906e+01
3.994404220581054688e+01, 1.033662490844726562e+02, 4.633711242675781250e+01, -2.672136306762695312e+01
3.995745086669921875e+01, 1.032603530883789062e+02, 4.590196228027343750e+01, -2.604030799865722656e+01
3.995266723632812500e+01, 1.031752014160156250e+02, 4.512101745605468750e+01, -2.558450317382812500e+01
3.997224807739257812e+01, 1.031611175537109375e+02, 4.479551315307617188e+01, -2.513376617431640625e+01
3.999732208251953125e+01, 1.031027984619140625e+02, 4.438753890991210938e+01, -2.473714828491210938e+01
4.006825637817382812e+01, 1.030308303833007812e+02, 4.444798278808593750e+01, -2.432283782958984375e+01
4.008932495117187500e+01, 1.029994201660156250e+02, 4.400966262817382812e+01, -2.390111541748046875e+01
4.014344024658203125e+01, 1.028988189697265625e+02, 4.375676727294921875e+01, -2.349743270874023438e+01
4.018498611450195312e+01, 1.028454132080078125e+02, 4.333106613159179688e+01, -2.309769630432128906e+01
4.026627731323242188e+01, 1.027060470581054688e+02, 4.323941802978515625e+01, -2.270301818847656250e+01
4.026292419433593750e+01, 1.026877365112304688e+02, 4.270273590087890625e+01, -2.230451202392578125e+01
4.032730865478515625e+01, 1.025363693237304688e+02, 4.267483520507812500e+01, -2.188297843933105469e+01
4.032696151733398438e+01, 1.025066452026367188e+02, 4.212359619140625000e+01, -2.153164863586425781e+01
4.033201980590820312e+01, 1.024566650390625000e+02, 4.178306961059570312e+01, -2.118725776672363281e+01
4.034138488769531250e+01, 1.023759384155273438e+02, 4.144428634643554688e+01, -2.079827880859375000e+01
4.039389419555664062e+01, 1.022597656250000000e+02, 4.037398529052734375e+01, -2.255302619934082031e+01
4.041112899780273438e+01, 1.022101440429687500e+02, 4.007213592529296875e+01, -2.219466400146484375e+01
4.049048995971679688e+01, 1.021043930053710938e+02, 3.937176895141601562e+01, -2.387347984313964844e+01
4.047500991821289062e+01, 1.020739669799804688e+02, 3.871213531494140625e+01, -2.344039916992187500e+01
4.047586059570312500e+01, 1.020570144653320312e+02, 3.830891799926757812e+01, -2.297643661499023438e+01
4.047015380859375000e+01, 1.020640640258789062e+02, 3.779304122924804688e+01, -2.256556892395019531e+01
4.048626327514648438e+01, 1.020094604492187500e+02, 3.740229034423828125e+01, -2.213329696655273438e+01
