2.040255165100097656e+01, 1.111711883544921875e+02, 9.777223205566406250e+01, -9.956596374511718750e+01
2.041117286682128906e+01, 1.111738586425781250e+02, 9.808412170410156250e+01, -9.976608276367187500e+01
2.042269515991210938e+01, 1.111845169067382812e+02, 9.833714294433593750e+01, -1.000136108398437500e+02
2.043601608276367188e+01, 1.111854858398437500e+02, 9.810539245605468750e+01, -9.998830413818359375e+01
2.045261383056640625e+01, 1.112197875976562500e+02, 9.845529174804687500e+01, -9.992224884033203125e+01
2.046935844421386719e+01, 1.112200469970703125e+02, 9.875695037841796875e+01, -1.001570816040039062e+02
2.045357513427734375e+01, 1.112100372314453125e+02, 9.904726409912109375e+01, -1.004389572143554688e+02
2.045704269409179688e+01, 1.111727142333984375e+02, 9.929531097412109375e+01, -1.004232788085937500e+02
2.046325302124023438e+01, 1.111638259887695312e+02, 9.962056732177734375e+01, -1.006446838378906250e+02
2.045483589172363281e+01, 1.111695022583007812e+02, 9.997648620605468750e+01, -1.008026351928710938e+02
2.046946525573730469e+01, 1.111790008544921875e+02, 9.995046234130859375e+01, -1.012759628295898438e+02
2.047373008728027344e+01, 1.111731185913085938e+02, 9.991145324707031250e+01, -1.015361633300781250e+02
2.048484230041503906e+01, 1.111687164306640625e+02, 1.002256393432617188e+02, -1.018274078369140625e+02
2.048961639404296875e+01, 1.111668243408203125e+02, 1.006601638793945312e+02, -1.020935134887695312e+02
2.050568580627441406e+01, 1.111621170043945312e+02, 1.010463638305664062e+02, -1.023847045898437500e+02
2.053733634948730469e+01, 1.111405487060546875e+02, 1.009898529052734375e+02, -1.024808731079101562e+02
2.052306175231933594e+01, 1.111585617065429688e+02, 1.010198898315429688e+02, -1.026826477050781250e+02
2.055016899108886719e+01, 1.111328430175781250e+02, 1.000987854003906250e+02, -1.039575653076171875e+02
2.055050277709960938e+01, 1.111474914550781250e+02, 9.858856964111328125e+01, -1.047946090698242188e+02
2.052304649353027344e+01, 1.111569442749023438e+02, 9.696852111816406250e+01, -1.061296234130859375e+02
2.054755783081054688e+01, 1.111619491577148438e+02, 9.518647003173828125e+01, -1.068210067749023438e+02
2.056434059143066406e+01, 1.111683349609375000e+02, 9.346356964111328125e+01, -1.074661254882812500e+02
2.054789161682128906e+01, 1.111586761474609375e+02, 9.133512878417968750e+01, -1.078298950195312500e+02
2.052379226684570312e+01, 1.111149749755859375e+02, 8.942646026611328125e+01, -1.079570541381835938e+02
2.049723243713378906e+01, 1.110974273681640625e+02, 8.761685180664062500e+01, -1.081486587524414062e+02
2.045498466491699219e+01, 1.111025848388671875e+02, 8.602046203613281250e+01, -1.085541000366210938e+02
2.043738746643066406e+01, 1.111211090087890625e+02, 8.448265838623046875e+01, -1.088372344970703125e+02
2.044702529907226562e+01, 1.111225280761718750e+02, 8.291172790527343750e+01, -1.090278472900390625e+02
2.045239448547363281e+01, 1.111206817626953125e+02, 8.128803253173828125e+01, -1.088658142089843750e+02
2.046475219726562500e+01, 1.111071319580078125e+02, 7.942878723144531250e+01, -1.083998107910156250e+02
2.045914840698242188e+01, 1.111096343994140625e+02, 7.775019836425781250e+01, -1.082885284423828125e+02
2.050125122070312500e+01, 1.111081542968750000e+02, 7.605287170410156250e+01, -1.080554656982421875e+02
2.052699661254882812e+01, 1.111092071533203125e+02, 7.442862701416015625e+01, -1.079883880615234375e+02
2.051729393005371094e+01, 1.111159515380859375e+02, 7.283607482910156250e+01, -1.079160308837890625e+02
2.053227233886718750e+01, 1.111097106933593750e+02, 7.105970764160156250e+01, -1.082178039550781250e+02
2.058262825012207031e+01, 1.111154632568359375e+02, 6.968592071533203125e+01, -1.085634689331054688e+02
2.058126258850097656e+01, 1.111109924316406250e+02, 6.796275329589843750e+01, -1.090240020751953125e+02
2.061552429199218750e+01, 1.111032104492187500e+02, 6.666880035400390625e+01, -1.094021835327148438e+02
2.065872573852539062e+01, 1.110571823120117188e+02, 6.545166015625000000e+01, -1.100673446655273438e+02
2.068419456481933594e+01, 1.110538024902343750e+02, 6.425950622558593750e+01, -1.104047622680664062e+02
2.071244812011718750e+01, 1.110277252197265625e+02, 6.308613204956054688e+01, -1.111581497192382812e+02
2.071643257141113281e+01, 1.110473175048828125e+02, 6.215258789062500000e+01, -1.115437469482421875e+02
2.071976280212402344e+01, 1.110394973754882812e+02, 6.092724227905273438e+01, -1.120088729858398438e+02
2.071592330932617188e+01, 1.110345535278320312e+02, 5.954368209838867188e+01, -1.123782730102539062e+02
2.075849342346191406e+01, 1.110335693359375000e+02, 5.844898986816406250e+01, -1.128375701904296875e+02
2.079186820983886719e+01, 1.110506820678710938e+02, 5.837453460693359375e+01, -1.133060150146484375e+02
2.082256698608398438e+01, 1.110660552978515625e+02, 5.672338104248046875e+01, -1.135947952270507812e+02
2.083330345153808594e+01, 1.110792999267578125e+02, 5.560743713378906250e+01, -1.137457351684570312e+02
2.084076690673828125e+01, 1.110760726928710938e+02, 5.467448425292968750e+01, -1.140674819946289062e+02
2.090356254577636719e+01, 1.110552673339843750e+02, 5.346579360961914062e+01, -1.148079757690429688e+02
2.095017433166503906e+01, 1.110531921386718750e+02, 5.268018341064453125e+01, -1.150234832763671875e+02
2.098339271545410156e+01, 1.110488052368164062e+02, 5.161761474609375000e+01, -1.152957458496093750e+02
2.103526496887207031e+01, 1.110495605468750000e+02, 5.082968521118164062e+01, -1.156574935913085938e+02
2.107306671142578125e+01, 1.110531311035156250e+02, 4.986575317382812500e+01, -1.159652404785156250e+02
2.113172149658203125e+01, 1.110513153076171875e+02, 4.916817855834960938e+01, -1.163721237182617188e+02
2.118055725097656250e+01, 1.110559768676757812e+02, 4.799801635742187500e+01, -1.168966369628906250e+02
2.120389175415039062e+01, 1.110670776367187500e+02, 4.753721618652343750e+01, -1.170622406005859375e+02
2.124805450439453125e+01, 1.110045623779296875e+02, 4.720729064941406250e+01, -1.170591735839843750e+02
2.128723335266113281e+01, 1.109729537963867188e+02, 4.665499877929687500e+01, -1.173505859375000000e+02
2.130807304382324219e+01, 1.109978179931640625e+02, 4.660353088378906250e+01, -1.177514343261718750e+02
2.134140205383300781e+01, 1.109529876708984375e+02, 4.488869094848632812e+01, -1.177611923217773438e+02
2.139179992675781250e+01, 1.109191970825195312e+02, 4.407474899291992188e+01, -1.179682235717773438e+02
2.147109603881835938e+01, 1.109024963378906250e+02, 4.393900299072265625e+01, -1.177937927246093750e+02
2.152799415588378906e+01, 1.109032669067382812e+02, 4.335678100585937500e+01, -1.178113327026367188e+02
2.159554100036621094e+01, 1.109143066406250000e+02, 4.321506500244140625e+01, -1.176802444458007812e+02
2.167369842529296875e+01, 1.109088821411132812e+02, 4.273577880859375000e+01, -1.176940536499023438e+02
2.169527816772460938e+01, 1.108917846679687500e+02, 4.257928848266601562e+01, -1.176675415039062500e+02
2.178032112121582031e+01, 1.108583831787109375e+02, 4.245123291015625000e+01, -1.175515975952148438e+02
2.185446739196777344e+01, 1.108513107299804688e+02, 4.191047668457031250e+01, -1.176094436645507812e+02
2.192000770568847656e+01, 1.108774108886718750e+02, 4.115617370605468750e+01, -1.173113632202148438e+02
2.196586036682128906e+01, 1.108802490234375000e+02, 4.073891067504882812e+01, -1.173342361450195312e+02
2.195596313476562500e+01, 1.108807907104492188e+02, 4.072176361083984375e+01, -1.174852828979492188e+02
2.199672889709472656e+01, 1.108957138061523438e+02, 4.039887619018554688e+01, -1.173241882324218750e+02
2.205643272399902344e+01, 1.109015045166015625e+02, 3.998913192749023438e+01, -1.173049545288085938e+02
2.212067222595214844e+01, 1.109046249389648438e+02, 3.960480880737304688e+01, -1.172670364379882812e+02
2.226797103881835938e+01, 1.109811706542968750e+02, 3.915389633178710938e+01, -1.165577850341796875e+02
2.231332206726074219e+01, 1.109670791625976562e+02, 3.882246780395507812e+01, -1.166436767578125000e+02
2.231434822082519531e+01, 1.109912567138671875e+02, 3.855623245239257812e+01, -1.166026687622070312e+02
2.236882781982421875e+01, 1.109829711914062500e+02, 3.823086547851562500e+01, -1.165642471313476562e+02
2.244037628173828125e+01, 1.109934997558593750e+02, 3.782759857177734375e+01, -1.165027694702148438e+02
2.247227859497070312e+01, 1.109948959350585938e+02, 3.756958007812500000e+01, -1.164830932617187500e+02
2.253016090393066406e+01, 1.109384307861328125e+02, 3.724696731567382812e+01, -1.166719055175781250e+02
2.256472969055175781e+01, 1.109283981323242188e+02, 3.697443771362304688e+01, -1.166320266723632812e+02
2.261547851562500000e+01, 1.109134063720703125e+02, 3.735388565063476562e+01, -1.167946319580078125e+02
2.265557670593261719e+01, 1.109087829589843750e+02, 3.713908386230468750e+01, -1.168320617675781250e+02
2.272747993469238281e+01, 1.109440765380859375e+02, 3.763259506225585938e+01, -1.164326019287109375e+02
2.281835937500000000e+01, 1.109336700439453125e+02, 3.733163070678710938e+01, -1.163424377441406250e+02
2.289838409423828125e+01, 1.109196472167968750e+02, 3.734499740600585938e+01, -1.159788131713867188e+02
2.302167129516601562e+01, 1.109373550415039062e+02, 3.736578369140625000e+01, -1.155839385986328125e+02
2.308530807495117188e+01, 1.109814529418945312e+02, 3.708389663696289062e+01, -1.154546279907226562e+02
2.318116569519042969e+01, 1.109815368652343750e+02, 3.703020477294921875e+01, -1.150069351196289062e+02
2.323158073425292969e+01, 1.109555053710937500e+02, 3.696083831787109375e+01, -1.153070678710937500e+02
2.327156066894531250e+01, 1.109570846557617188e+02, 3.656970214843750000e+01, -1.152539367675781250e+02
2.331226921081542969e+01, 1.109661560058593750e+02, 3.626905059814453125e+01, -1.154072418212890625e+02
2.334885787963867188e+01, 1.109574813842773438e+02, 3.605797958374023438e+01, -1.154020385742187500e+02
2.339068984985351562e+01, 1.109526138305664062e+02, 3.619173812866210938e+01, -1.149348449707031250e+02
2.343949890136718750e+01, 1.109538421630859375e+02, 3.587026214599609375e+01, -1.152557678222656250e+02
2.349769210815429688e+01, 1.109548950195312500e+02, 3.561429595947265625e+01, -1.152753448486328125e+02
2.357816505432128906e+01, 1.109483871459960938e+02, 3.548381042480468750e+01, -1.154323654174804688e+02
2.363293266296386719e+01, 1.109551315307617188e+02, 3.518907928466796875e+01, -1.153375473022460938e+02
2.364786911010742188e+01, 1.109398117065429688e+02, 3.505852890014648438e+01, -1.152699432373046875e+02
2.370871734619140625e+01, 1.109364395141601562e+02, 3.447237014770507812e+01, -1.148496551513671875e+02
2.374427032470703125e+01, 1.109313125610351562e+02, 3.431217575073242188e+01, -1.148458251953125000e+02
2.380343627929687500e+01, 1.109413833618164062e+02, 3.411866760253906250e+01, -1.148593978881835938e+02
2.383899688720703125e+01, 1.109179229736328125e+02, 3.390021896362304688e+01, -1.151745758056640625e+02
2.386571693420410156e+01, 1.109184722900390625e+02, 3.406453323364257812e+01, -1.147501983642578125e+02
2.389892196655273438e+01, 1.109176864624023438e+02, 3.387218475341796875e+01, -1.147779235839843750e+02
2.394457244873046875e+01, 1.109197006225585938e+02, 3.365655517578125000e+01, -1.147526473999023438e+02
2.395514869689941406e+01, 1.109356842041015625e+02, 3.356645584106445312e+01, -1.145469589233398438e+02
2.400569152832031250e+01, 1.109368362426757812e+02, 3.335847091674804688e+01, -1.145454101562500000e+02
2.406693840026855469e+01, 1.109270629882812500e+02, 3.314422607421875000e+01, -1.145839004516601562e+02
2.415519905090332031e+01, 1.109258880615234375e+02, 3.292662811279296875e+01, -1.142878494262695312e+02
2.416937828063964844e+01, 1.108889312744140625e+02, 3.291621780395507812e+01, -1.147132110595703125e+02
2.421367645263671875e+01, 1.108797988891601562e+02, 3.268650817871093750e+01, -1.146643142700195312e+02
2.425297164916992188e+01, 1.108716964721679688e+02, 3.300661849975585938e+01, -1.143960723876953125e+02
2.425059318542480469e+01, 1.108719329833984375e+02, 3.292644882202148438e+01, -1.144196701049804688e+02
2.434817886352539062e+01, 1.108525161743164062e+02, 3.285361480712890625e+01, -1.140953292846679688e+02
2.440717506408691406e+01, 1.108816146850585938e+02, 3.274245834350585938e+01, -1.141544723510742188e+02
2.439872741699218750e+01, 1.108219757080078125e+02, 3.185056304931640625e+01, -1.142177581787109375e+02
2.442577171325683594e+01, 1.108003158569335938e+02, 3.163479232788085938e+01, -1.143889465332031250e+02
2.446836662292480469e+01, 1.107818679809570312e+02, 3.159115028381347656e+01, -1.144765930175781250e+02
2.449731826782226562e+01, 1.108243637084960938e+02, 3.170589065551757812e+01, -1.139849929809570312e+02
2.455276870727539062e+01, 1.108223266601562500e+02, 3.155633544921875000e+01, -1.139906387329101562e+02
2.457122802734375000e+01, 1.108227996826171875e+02, 3.136618423461914062e+01, -1.140193710327148438e+02
2.460921287536621094e+01, 1.108008346557617188e+02, 3.160318374633789062e+01, -1.139656524658203125e+02
2.468006896972656250e+01, 1.107757568359375000e+02, 3.232936859130859375e+01, -1.130562133789062500e+02
2.470796203613281250e+01, 1.107824172973632812e+02, 3.217069244384765625e+01, -1.131013565063476562e+02
2.472326850891113281e+01, 1.107903823852539062e+02, 3.273878479003906250e+01, -1.129842834472656250e+02
2.474914169311523438e+01, 1.108062820434570312e+02, 3.252608871459960938e+01, -1.129793548583984375e+02
2.472329902648925781e+01, 1.107679061889648438e+02, 3.304012680053710938e+01, -1.130286407470703125e+02
2.475813674926757812e+01, 1.107752227783203125e+02, 3.278108215332031250e+01, -1.130284347534179688e+02
2.480734252929687500e+01, 1.107865524291992188e+02, 3.263117599487304688e+01, -1.129726028442382812e+02
2.492638206481933594e+01, 1.108129653930664062e+02, 3.392692184448242188e+01, -1.123113708496093750e+02
2.498003387451171875e+01, 1.108186492919921875e+02, 3.413721084594726562e+01, -1.121279449462890625e+02
2.505587577819824219e+01, 1.108311843872070312e+02, 3.395817947387695312e+01, -1.121583480834960938e+02
2.509079170227050781e+01, 1.108307571411132812e+02, 3.385066604614257812e+01, -1.123006362915039062e+02
2.515850257873535156e+01, 1.107814407348632812e+02, 3.401276397705078125e+01, -1.119597702026367188e+02
2.518020820617675781e+01, 1.107746658325195312e+02, 3.342813110351562500e+01, -1.123369064331054688e+02
2.510918807983398438e+01, 1.107135696411132812e+02, 3.440533828735351562e+01, -1.126069793701171875e+02
2.514141082763671875e+01, 1.107015686035156250e+02, 3.429645156860351562e+01, -1.127232666015625000e+02
2.517506790161132812e+01, 1.106664199829101562e+02, 3.473415756225585938e+01, -1.126797180175781250e+02
2.519555664062500000e+01, 1.106522521972656250e+02, 3.507460021972656250e+01, -1.127473449707031250e+02
2.525347900390625000e+01, 1.106486129760742188e+02, 3.483975601196289062e+01, -1.127493515014648438e+02
2.529621696472167969e+01, 1.106744232177734375e+02, 3.451900863647460938e+01, -1.127517776489257812e+02
2.533955001831054688e+01, 1.106616058349609375e+02, 3.432782363891601562e+01, -1.127272186279296875e+02
2.537782096862792969e+01, 1.106374588012695312e+02, 3.460188293457031250e+01, -1.126207046508789062e+02
2.532171249389648438e+01, 1.106785659790039062e+02, 3.450518417358398438e+01, -1.129130859375000000e+02
2.538505554199218750e+01, 1.106793136596679688e+02, 3.427125930786132812e+01, -1.129416275024414062e+02
2.544367218017578125e+01, 1.106928176879882812e+02, 3.405953598022460938e+01, -1.129603729248046875e+02
2.551861381530761719e+01, 1.106915054321289062e+02, 3.391145324707031250e+01, -1.129817810058593750e+02
2.553317260742187500e+01, 1.106883392333984375e+02, 3.420642852783203125e+01, -1.129425811767578125e+02
2.552904701232910156e+01, 1.106698074340820312e+02, 3.484034729003906250e+01, -1.130055160522460938e+02
2.554355621337890625e+01, 1.106556854248046875e+02, 3.469423675537109375e+01, -1.128931579589843750e+02
2.557709503173828125e+01, 1.106367034912109375e+02, 3.419197845458984375e+01, -1.131157913208007812e+02
2.560770034790039062e+01, 1.106293029785156250e+02, 3.396963882446289062e+01, -1.131304016113281250e+02
2.575157737731933594e+01, 1.106183242797851562e+02, 3.419349670410156250e+01, -1.127887954711914062e+02
2.577756690979003906e+01, 1.106135559082031250e+02, 3.395720291137695312e+01, -1.127643280029296875e+02
2.583497619628906250e+01, 1.106216659545898438e+02, 3.381760787963867188e+01, -1.128087005615234375e+02
2.591415023803710938e+01, 1.106088027954101562e+02, 3.357976150512695312e+01, -1.128094406127929688e+02
2.601171112060546875e+01, 1.105493469238281250e+02, 3.365153884887695312e+01, -1.128274230957031250e+02
2.608616638183593750e+01, 1.105430145263671875e+02, 3.342998504638671875e+01, -1.122793807983398438e+02
2.611986351013183594e+01, 1.105263977050781250e+02, 3.321776199340820312e+01, -1.122847213745117188e+02
2.619152259826660156e+01, 1.105321960449218750e+02, 3.306536483764648438e+01, -1.122563552856445312e+02
2.618577194213867188e+01, 1.105307388305664062e+02, 3.269272613525390625e+01, -1.124811553955078125e+02
2.628215789794921875e+01, 1.105488357543945312e+02, 3.303584289550781250e+01, -1.122338485717773438e+02
2.634498786926269531e+01, 1.105000915527343750e+02, 3.338858413696289062e+01, -1.115734100341796875e+02
2.639440536499023438e+01, 1.104896697998046875e+02, 3.319582366943359375e+01, -1.115673904418945312e+02
2.654798316955566406e+01, 1.104614868164062500e+02, 3.294058990478515625e+01, -1.116653671264648438e+02
2.662032699584960938e+01, 1.104374313354492188e+02, 3.278037643432617188e+01, -1.117101135253906250e+02
2.663572311401367188e+01, 1.104075241088867188e+02, 3.292523956298828125e+01, -1.119768295288085938e+02
2.668488121032714844e+01, 1.104124755859375000e+02, 3.277571487426757812e+01, -1.121113510131835938e+02
2.673856544494628906e+01, 1.104161148071289062e+02, 3.325591278076171875e+01, -1.116952819824218750e+02
2.670596122741699219e+01, 1.103975448608398438e+02, 3.318154907226562500e+01, -1.117338333129882812e+02
2.676865959167480469e+01, 1.103995285034179688e+02, 3.272061157226562500e+01, -1.118932266235351562e+02
2.681684112548828125e+01, 1.103879852294921875e+02, 3.359780502319335938e+01, -1.114273223876953125e+02
2.684439277648925781e+01, 1.103755340576171875e+02, 3.377848434448242188e+01, -1.113722686767578125e+02
2.686151123046875000e+01, 1.103562088012695312e+02, 3.367593002319335938e+01, -1.113225021362304688e+02
2.692696762084960938e+01, 1.103581466674804688e+02, 3.394262695312500000e+01, -1.109771881103515625e+02
2.691863441467285156e+01, 1.104292221069335938e+02, 3.375933456420898438e+01, -1.106067810058593750e+02
2.698611640930175781e+01, 1.104176635742187500e+02, 3.355780029296875000e+01, -1.106035919189453125e+02
2.713553047180175781e+01, 1.104423828125000000e+02, 3.355328369140625000e+01, -1.104260635375976562e+02
2.714776420593261719e+01, 1.104374237060546875e+02, 3.372380065917968750e+01, -1.103516082763671875e+02
2.727399253845214844e+01, 1.103902359008789062e+02, 3.455747985839843750e+01, -1.102065200805664062e+02
2.733909034729003906e+01, 1.104016876220703125e+02, 3.432124710083007812e+01, -1.101784744262695312e+02
2.728825187683105469e+01, 1.104776992797851562e+02, 3.409647750854492188e+01, -1.100469894409179688e+02
2.732329177856445312e+01, 1.104784088134765625e+02, 3.387118911743164062e+01, -1.099862365722656250e+02
2.742365264892578125e+01, 1.104892272949218750e+02, 3.396328353881835938e+01, -1.095583114624023438e+02
2.743415069580078125e+01, 1.104935836791992188e+02, 3.386135864257812500e+01, -1.095328521728515625e+02
2.742555046081542969e+01, 1.104917373657226562e+02, 3.465393829345703125e+01, -1.096840209960937500e+02
2.748704528808593750e+01, 1.104903335571289062e+02, 3.436186599731445312e+01, -1.098080444335937500e+02
2.754038238525390625e+01, 1.104948654174804688e+02, 3.408831405639648438e+01, -1.097944641113281250e+02
2.763020324707031250e+01, 1.105274276733398438e+02, 3.378713607788085938e+01, -1.094910583496093750e+02
2.761787796020507812e+01, 1.104815826416015625e+02, 3.459183502197265625e+01, -1.093904037475585938e+02
2.764594650268554688e+01, 1.104475402832031250e+02, 3.465805816650390625e+01, -1.092276992797851562e+02
2.769256973266601562e+01, 1.104480667114257812e+02, 3.440381622314453125e+01, -1.090824432373046875e+02
2.767710876464843750e+01, 1.104280700683593750e+02, 3.381278991699218750e+01, -1.094747695922851562e+02
2.774183082580566406e+01, 1.103911056518554688e+02, 3.370283889770507812e+01, -1.096665344238281250e+02
2.779181671142578125e+01, 1.103902511596679688e+02, 3.380892944335937500e+01, -1.093498458862304688e+02
2.798178863525390625e+01, 1.103466491699218750e+02, 3.404852294921875000e+01, -1.089603881835937500e+02
2.805406570434570312e+01, 1.103503341674804688e+02, 3.383086776733398438e+01, -1.089560699462890625e+02
2.812350654602050781e+01, 1.103567352294921875e+02, 3.363113021850585938e+01, -1.089225769042968750e+02
2.819626617431640625e+01, 1.103869094848632812e+02, 3.343046951293945312e+01, -1.086242980957031250e+02
2.815173721313476562e+01, 1.103334045410156250e+02, 3.347495651245117188e+01, -1.087668533325195312e+02
2.824863433837890625e+01, 1.102854537963867188e+02, 3.348359680175781250e+01, -1.089109191894531250e+02
2.822512435913085938e+01, 1.103155899047851562e+02, 3.339714813232421875e+01, -1.091158523559570312e+02
2.829138565063476562e+01, 1.103181152343750000e+02, 3.325072860717773438e+01, -1.091371765136718750e+02
2.823434448242187500e+01, 1.102666702270507812e+02, 3.432231521606445312e+01, -1.090228805541992188e+02
2.833251380920410156e+01, 1.101892166137695312e+02, 3.401414108276367188e+01, -1.090728759765625000e+02
2.824450302124023438e+01, 1.101146163940429688e+02, 3.525740432739257812e+01, -1.087424163818359375e+02
2.834288978576660156e+01, 1.101151351928710938e+02, 3.577433013916015625e+01, -1.082101135253906250e+02
2.833426094055175781e+01, 1.101096878051757812e+02, 3.550341796875000000e+01, -1.083711471557617188e+02
2.836523056030273438e+01, 1.101356887817382812e+02, 3.516246795654296875e+01, -1.085506896972656250e+02
2.837873077392578125e+01, 1.101571426391601562e+02, 3.497256469726562500e+01, -1.082805252075195312e+02
2.848664855957031250e+01, 1.101394958496093750e+02, 3.510516738891601562e+01, -1.082980194091796875e+02
2.852857589721679688e+01, 1.101346206665039062e+02, 3.486059188842773438e+01, -1.082439346313476562e+02
2.856400680541992188e+01, 1.101264724731445312e+02, 3.464409255981445312e+01, -1.082285232543945312e+02
2.860228729248046875e+01, 1.101297302246093750e+02, 3.441374206542968750e+01, -1.082450103759765625e+02
2.860893249511718750e+01, 1.101316375732421875e+02, 3.476978683471679688e+01, -1.081911544799804688e+02
2.864897918701171875e+01, 1.101431732177734375e+02, 3.421160888671875000e+01, -1.084092102050781250e+02
2.873893356323242188e+01, 1.101557998657226562e+02, 3.406696319580078125e+01, -1.084205932617187500e+02
2.880955696105957031e+01, 1.102172393798828125e+02, 3.458414077758789062e+01, -1.082189865112304688e+02
2.889820098876953125e+01, 1.102065582275390625e+02, 3.451807022094726562e+01, -1.080146102905273438e+02
2.895704460144042969e+01, 1.102014541625976562e+02, 3.467216491699218750e+01, -1.078023300170898438e+02
2.903614616394042969e+01, 1.102017669677734375e+02, 3.508374786376953125e+01, -1.076690063476562500e+02
2.909265518188476562e+01, 1.101953582763671875e+02, 3.483723068237304688e+01, -1.076406784057617188e+02
2.920299148559570312e+01, 1.101933517456054688e+02, 3.500898742675781250e+01, -1.074331817626953125e+02
2.924606704711914062e+01, 1.102073440551757812e+02, 3.475494766235351562e+01, -1.074822006225585938e+02
2.930578422546386719e+01, 1.102086334228515625e+02, 3.460566711425781250e+01, -1.075514144897460938e+02
2.935299682617187500e+01, 1.102025909423828125e+02, 3.448857879638671875e+01, -1.075797195434570312e+02
2.951834869384765625e+01, 1.102135086059570312e+02, 3.490701293945312500e+01, -1.072099609375000000e+02
2.959659767150878906e+01, 1.102130584716796875e+02, 3.476129531860351562e+01, -1.071558685302734375e+02
2.965793418884277344e+01, 1.102197113037109375e+02, 3.457724761962890625e+01, -1.071924514770507812e+02
2.970675086975097656e+01, 1.102272644042968750e+02, 3.441567993164062500e+01, -1.073029403686523438e+02
2.984442138671875000e+01, 1.102200241088867188e+02, 3.464262771606445312e+01, -1.072579574584960938e+02
2.994545745849609375e+01, 1.102564239501953125e+02, 3.506209945678710938e+01, -1.069175262451171875e+02
3.001878356933593750e+01, 1.102474899291992188e+02, 3.497432327270507812e+01, -1.070131225585937500e+02
3.008645820617675781e+01, 1.102449874877929688e+02, 3.483182907104492188e+01, -1.071373825073242188e+02
2.999719047546386719e+01, 1.102398147583007812e+02, 3.519359588623046875e+01, -1.073619461059570312e+02
3.000959396362304688e+01, 1.102161026000976562e+02, 3.506471252441406250e+01, -1.077431488037109375e+02
3.002849006652832031e+01, 1.102285079956054688e+02, 3.475018692016601562e+01, -1.079342803955078125e+02
3.012763404846191406e+01, 1.102581405639648438e+02, 3.497681427001953125e+01, -1.076266403198242188e+02
3.018216896057128906e+01, 1.102589874267578125e+02, 3.486066055297851562e+01, -1.077780303955078125e+02
3.025560569763183594e+01, 1.101963729858398438e+02, 3.484117126464843750e+01, -1.077147750854492188e+02
3.032718276977539062e+01, 1.102210006713867188e+02, 3.515824508666992188e+01, -1.076421508789062500e+02
3.036880493164062500e+01, 1.102294845581054688e+02, 3.505308532714843750e+01, -1.077243652343750000e+02
3.047725296020507812e+01, 1.101647033691406250e+02, 3.531750488281250000e+01, -1.078863677978515625e+02
3.052241516113281250e+01, 1.101618576049804688e+02, 3.524624633789062500e+01, -1.080194702148437500e+02
3.065799331665039062e+01, 1.101109313964843750e+02, 3.548407363891601562e+01, -1.080057067871093750e+02
3.076477813720703125e+01, 1.101602935791015625e+02, 3.569082260131835938e+01, -1.079238967895507812e+02
3.080666542053222656e+01, 1.101621856689453125e+02, 3.541617584228515625e+01, -1.080678787231445312e+02
3.076435852050781250e+01, 1.101834335327148438e+02, 3.587952041625976562e+01, -1.082853775024414062e+02
3.078178977966308594e+01, 1.101809616088867188e+02, 3.604830932617187500e+01, -1.081965560913085938e+02
3.088680648803710938e+01, 1.102031784057617188e+02, 3.579838180541992188e+01, -1.080696258544921875e+02
3.091562652587890625e+01, 1.102024002075195312e+02, 3.557815551757812500e+01, -1.082064056396484375e+02
3.093207359313964844e+01, 1.101919937133789062e+02, 3.572547149658203125e+01, -1.082039337158203125e+02
3.099400329589843750e+01, 1.101843566894531250e+02, 3.549593734741210938e+01, -1.083647842407226562e+02
3.103712463378906250e+01, 1.101759567260742188e+02, 3.530902099609375000e+01, -1.085349655151367188e+02
3.106602096557617188e+01, 1.101849899291992188e+02, 3.515998840332031250e+01, -1.086155929565429688e+02
3.111943244934082031e+01, 1.102193832397460938e+02, 3.502870941162109375e+01, -1.085628967285156250e+02
3.119629859924316406e+01, 1.102737655639648438e+02, 3.518868637084960938e+01, -1.083950958251953125e+02
3.111965751647949219e+01, 1.103458557128906250e+02, 3.541707992553710938e+01, -1.089545211791992188e+02
3.114858818054199219e+01, 1.103670120239257812e+02, 3.578126144409179688e+01, -1.087454223632812500e+02
3.117838668823242188e+01, 1.103489532470703125e+02, 3.586072158813476562e+01, -1.088368148803710938e+02
3.124327087402343750e+01, 1.103240966796875000e+02, 3.563932037353515625e+01, -1.086879501342773438e+02
3.127403259277343750e+01, 1.103279266357421875e+02, 3.568226623535156250e+01, -1.086363296508789062e+02
3.129950904846191406e+01, 1.103175964355468750e+02, 3.570873260498046875e+01, -1.086260986328125000e+02
3.134058380126953125e+01, 1.103548507690429688e+02, 3.566451644897460938e+01, -1.086244735717773438e+02
3.148249244689941406e+01, 1.103778533935546875e+02, 3.558203887939453125e+01, -1.084524230957031250e+02
3.155731201171875000e+01, 1.104126663208007812e+02, 3.561214065551757812e+01, -1.084735565185546875e+02
3.153684425354003906e+01, 1.104657592773437500e+02, 3.556219863891601562e+01, -1.082278900146484375e+02
3.164477348327636719e+01, 1.104004058837890625e+02, 3.566683959960937500e+01, -1.081094055175781250e+02
3.163128089904785156e+01, 1.104094161987304688e+02, 3.588288497924804688e+01, -1.082045974731445312e+02
3.171638298034667969e+01, 1.103729553222656250e+02, 3.614378356933593750e+01, -1.080218276977539062e+02
3.181811904907226562e+01, 1.104422836303710938e+02, 3.621286392211914062e+01, -1.081988220214843750e+02
3.189255905151367188e+01, 1.104193420410156250e+02, 3.622907638549804688e+01, -1.081664657592773438e+02
3.185381317138671875e+01, 1.104920654296875000e+02, 3.597428131103515625e+01, -1.081521606445312500e+02
3.180108070373535156e+01, 1.104378967285156250e+02, 3.566861343383789062e+01, -1.083557052612304688e+02
3.186358642578125000e+01, 1.104571838378906250e+02, 3.562859344482421875e+01, -1.083820648193359375e+02
3.186128997802734375e+01, 1.103983840942382812e+02, 3.552984237670898438e+01, -1.085945587158203125e+02
3.193031311035156250e+01, 1.104653778076171875e+02, 3.540400314331054688e+01, -1.083682174682617188e+02
3.199276351928710938e+01, 1.104095535278320312e+02, 3.542375564575195312e+01, -1.082270660400390625e+02
3.185259246826171875e+01, 1.103562011718750000e+02, 3.562083053588867188e+01, -1.088321533203125000e+02
3.182673454284667969e+01, 1.103433151245117188e+02, 3.554776000976562500e+01, -1.089909133911132812e+02
3.189175033569335938e+01, 1.103803939819335938e+02, 3.558979034423828125e+01, -1.090185241699218750e+02
3.194223403930664062e+01, 1.104132461547851562e+02, 3.565737915039062500e+01, -1.090161590576171875e+02
3.201396560668945312e+01, 1.104300460815429688e+02, 3.567506790161132812e+01, -1.090629425048828125e+02
3.200868225097656250e+01, 1.104749984741210938e+02, 3.570952606201171875e+01, -1.090166244506835938e+02
3.206172180175781250e+01, 1.105404052734375000e+02, 3.566408157348632812e+01, -1.090029449462890625e+02
3.226070785522460938e+01, 1.105952911376953125e+02, 3.592447662353515625e+01, -1.087453231811523438e+02
3.236344146728515625e+01, 1.105815200805664062e+02, 3.580865859985351562e+01, -1.083915405273437500e+02
3.242360687255859375e+01, 1.105761795043945312e+02, 3.580194473266601562e+01, -1.083407821655273438e+02
3.248260498046875000e+01, 1.105891189575195312e+02, 3.577533721923828125e+01, -1.083508682250976562e+02
3.258789825439453125e+01, 1.105810470581054688e+02, 3.582905197143554688e+01, -1.080743331909179688e+02
3.269743728637695312e+01, 1.106009368896484375e+02, 3.576151657104492188e+01, -1.079579467773437500e+02
3.275827026367187500e+01, 1.106320724487304688e+02, 3.577854919433593750e+01, -1.079526519775390625e+02
3.276848602294921875e+01, 1.106292572021484375e+02, 3.581059646606445312e+01, -1.080668487548828125e+02
3.282008361816406250e+01, 1.106001052856445312e+02, 3.581747055053710938e+01, -1.080440673828125000e+02
3.289241027832031250e+01, 1.105463638305664062e+02, 3.582232284545898438e+01, -1.080758895874023438e+02
3.293959045410156250e+01, 1.105067138671875000e+02, 3.577979660034179688e+01, -1.082150192260742188e+02
3.305650711059570312e+01, 1.105508804321289062e+02, 3.590522003173828125e+01, -1.085736694335937500e+02
3.310731506347656250e+01, 1.104549865722656250e+02, 3.581376266479492188e+01, -1.084888687133789062e+02
3.315409469604492188e+01, 1.104370574951171875e+02, 3.580864334106445312e+01, -1.084848251342773438e+02
3.316496276855468750e+01, 1.104685745239257812e+02, 3.580346679687500000e+01, -1.084658737182617188e+02
3.313362121582031250e+01, 1.104390106201171875e+02, 3.578950500488281250e+01, -1.086996078491210938e+02
3.324802398681640625e+01, 1.103165054321289062e+02, 3.551822280883789062e+01, -1.083500518798828125e+02
3.330105590820312500e+01, 1.103263244628906250e+02, 3.548703765869140625e+01, -1.083429031372070312e+02
3.346907424926757812e+01, 1.103572235107421875e+02, 3.474263381958007812e+01, -1.083492126464843750e+02
3.355826950073242188e+01, 1.102135391235351562e+02, 3.483447265625000000e+01, -1.082732849121093750e+02
3.361043548583984375e+01, 1.102041702270507812e+02, 3.457120895385742188e+01, -1.084607391357421875e+02
3.363965225219726562e+01, 1.101906509399414062e+02, 3.457896041870117188e+01, -1.084822463989257812e+02
3.361282348632812500e+01, 1.101297225952148438e+02, 3.433131027221679688e+01, -1.087164611816406250e+02
3.373197937011718750e+01, 1.101033554077148438e+02, 3.415077972412109375e+01, -1.086877365112304688e+02
3.384356307983398438e+01, 1.101014175415039062e+02, 3.386294555664062500e+01, -1.087176437377929688e+02
3.390939712524414062e+01, 1.101048736572265625e+02, 3.363491821289062500e+01, -1.087045974731445312e+02
3.420385742187500000e+01, 1.101403579711914062e+02, 3.367052841186523438e+01, -1.080191574096679688e+02
3.426393890380859375e+01, 1.101076507568359375e+02, 3.350786590576171875e+01, -1.080527496337890625e+02
3.437054824829101562e+01, 1.102082977294921875e+02, 3.327875900268554688e+01, -1.078295364379882812e+02
3.431201553344726562e+01, 1.101555786132812500e+02, 3.331667709350585938e+01, -1.079925918579101562e+02
3.436669158935546875e+01, 1.101381149291992188e+02, 3.300927352905273438e+01, -1.080134277343750000e+02
3.432594299316406250e+01, 1.101821670532226562e+02, 3.308935165405273438e+01, -1.083514099121093750e+02
3.431462097167968750e+01, 1.101271743774414062e+02, 3.318608856201171875e+01, -1.086938095092773438e+02
3.438064575195312500e+01, 1.101235961914062500e+02, 3.318729019165039062e+01, -1.087088317871093750e+02
3.443874359130859375e+01, 1.101058654785156250e+02, 3.315295791625976562e+01, -1.086990737915039062e+02
3.439379882812500000e+01, 1.100783996582031250e+02, 3.293457412719726562e+01, -1.087436065673828125e+02
3.443739700317382812e+01, 1.100734252929687500e+02, 3.266452026367187500e+01, -1.087881774902343750e+02
3.449507904052734375e+01, 1.101030197143554688e+02, 3.259256744384765625e+01, -1.088502349853515625e+02
3.452970504760742188e+01, 1.100849380493164062e+02, 3.260407638549804688e+01, -1.088615798950195312e+02
3.474593734741210938e+01, 1.100661773681640625e+02, 3.278337097167968750e+01, -1.085075607299804688e+02
3.482308578491210938e+01, 1.100786209106445312e+02, 3.238343429565429688e+01, -1.084938278198242188e+02
3.486691284179687500e+01, 1.100622482299804688e+02, 3.211045837402343750e+01, -1.085204086303710938e+02
3.495706176757812500e+01, 1.101695327758789062e+02, 3.251999664306640625e+01, -1.084024200439453125e+02
3.502451705932617188e+01, 1.101534271240234375e+02, 3.242273330688476562e+01, -1.083826828002929688e+02
3.516591262817382812e+01, 1.102014770507812500e+02, 3.226315307617187500e+01, -1.082850265502929688e+02
3.522600173950195312e+01, 1.102221908569335938e+02, 3.236773681640625000e+01, -1.083290481567382812e+02
3.527981185913085938e+01, 1.102645797729492188e+02, 3.241957092285156250e+01, -1.083324737548828125e+02
3.540769958496093750e+01, 1.101853790283203125e+02, 3.219698715209960938e+01, -1.081544265747070312e+02
3.547624969482421875e+01, 1.103565826416015625e+02, 3.201655197143554688e+01, -1.082836761474609375e+02
3.550668716430664062e+01, 1.102071228027343750e+02, 3.202760314941406250e+01, -1.083119125366210938e+02
3.556907653808593750e+01, 1.103289871215820312e+02, 3.196626853942871094e+01, -1.081363449096679688e+02
3.562807846069335938e+01, 1.103319549560546875e+02, 3.188523292541503906e+01, -1.081141967773437500e+02
3.572037887573242188e+01, 1.103869781494140625e+02, 3.177269554138183594e+01, -1.079400863647460938e+02
3.578186416625976562e+01, 1.103530120849609375e+02, 3.176054000854492188e+01, -1.079148254394531250e+02
3.583146286010742188e+01, 1.104608535766601562e+02, 3.201772308349609375e+01, -1.072147445678710938e+02
3.581658172607421875e+01, 1.103674011230468750e+02, 3.206450653076171875e+01, -1.069375839233398438e+02
3.588846588134765625e+01, 1.103742599487304688e+02, 3.203435516357421875e+01, -1.069406051635742188e+02
3.595232391357421875e+01, 1.103020019531250000e+02, 3.210606765747070312e+01, -1.069920883178710938e+02
3.597917175292968750e+01, 1.103403396606445312e+02, 3.224755477905273438e+01, -1.069551620483398438e+02
3.615716552734375000e+01, 1.103062438964843750e+02, 3.205322647094726562e+01, -1.065182189941406250e+02
3.616780471801757812e+01, 1.102607040405273438e+02, 3.230944061279296875e+01, -1.066341323852539062e+02
3.624121093750000000e+01, 1.102976226806640625e+02, 3.185402488708496094e+01, -1.064191055297851562e+02
3.616173171997070312e+01, 1.101318817138671875e+02, 3.168620491027832031e+01, -1.065906143188476562e+02
3.636424636840820312e+01, 1.100489501953125000e+02, 3.149671363830566406e+01, -1.062306594848632812e+02
3.628866195678710938e+01, 1.099789199829101562e+02, 3.173338317871093750e+01, -1.068561782836914062e+02
3.643070220947265625e+01, 1.100543823242187500e+02, 3.156134986877441406e+01, -1.062417373657226562e+02
3.647556304931640625e+01, 1.100872421264648438e+02, 3.178221321105957031e+01, -1.055720062255859375e+02
3.650847625732421875e+01, 1.100656280517578125e+02, 3.195324516296386719e+01, -1.057679214477539062e+02
3.653770828247070312e+01, 1.099551010131835938e+02, 3.170710563659667969e+01, -1.060516204833984375e+02
3.653683090209960938e+01, 1.099530639648437500e+02, 3.192456436157226562e+01, -1.061095046997070312e+02
3.659173202514648438e+01, 1.098383178710937500e+02, 3.171935844421386719e+01, -1.060882492065429688e+02
3.662208175659179688e+01, 1.098737487792968750e+02, 3.180954742431640625e+01, -1.062501754760742188e+02
3.667396163940429688e+01, 1.098655166625976562e+02, 3.155368804931640625e+01, -1.062770385742187500e+02
3.671326446533203125e+01, 1.097801208496093750e+02, 3.125523948669433594e+01, -1.066711349487304688e+02
3.680958557128906250e+01, 1.098588562011718750e+02, 3.125984001159667969e+01, -1.065678329467773438e+02
3.690969085693359375e+01, 1.098727569580078125e+02, 3.103205108642578125e+01, -1.065506515502929688e+02
3.705186080932617188e+01, 1.098541107177734375e+02, 3.070015335083007812e+01, -1.061957092285156250e+02
3.705607604980468750e+01, 1.098373565673828125e+02, 3.072117996215820312e+01, -1.062447586059570312e+02
3.713109588623046875e+01, 1.098375701904296875e+02, 3.047168540954589844e+01, -1.062541351318359375e+02
3.713565063476562500e+01, 1.098470916748046875e+02, 3.021351242065429688e+01, -1.062198944091796875e+02
3.725683212280273438e+01, 1.098295135498046875e+02, 2.996558952331542969e+01, -1.061565322875976562e+02
3.735448455810546875e+01, 1.098120880126953125e+02, 2.966530990600585938e+01, -1.059043426513671875e+02
3.722761917114257812e+01, 1.097727966308593750e+02, 2.984451675415039062e+01, -1.064807815551757812e+02
3.728415298461914062e+01, 1.097598800659179688e+02, 2.958804893493652344e+01, -1.064918441772460938e+02
3.714847183227539062e+01, 1.098167800903320312e+02, 2.926970672607421875e+01, -1.070982360839843750e+02
3.723781585693359375e+01, 1.098035888671875000e+02, 2.903895568847656250e+01, -1.070593719482421875e+02
3.736220169067382812e+01, 1.097861022949218750e+02, 2.913967514038085938e+01, -1.066823272705078125e+02
3.731859970092773438e+01, 1.098239822387695312e+02, 2.883302879333496094e+01, -1.070131607055664062e+02
3.739825439453125000e+01, 1.098074188232421875e+02, 2.863606834411621094e+01, -1.070129928588867188e+02
3.749142456054687500e+01, 1.097390518188476562e+02, 2.823658370971679688e+01, -1.068469009399414062e+02
3.764657974243164062e+01, 1.098698425292968750e+02, 2.822042083740234375e+01, -1.070442962646484375e+02
3.777927398681640625e+01, 1.099191131591796875e+02, 2.797354888916015625e+01, -1.071792984008789062e+02
3.787228393554687500e+01, 1.098754348754882812e+02, 2.778644561767578125e+01, -1.072152252197265625e+02
3.792235946655273438e+01, 1.098633270263671875e+02, 2.756249809265136719e+01, -1.072126541137695312e+02
3.795431900024414062e+01, 1.098570480346679688e+02, 2.771586990356445312e+01, -1.070643615722656250e+02
3.797804260253906250e+01, 1.097210464477539062e+02, 2.743777275085449219e+01, -1.076110610961914062e+02
3.799110794067382812e+01, 1.097246093750000000e+02, 2.719490051269531250e+01, -1.076765747070312500e+02
3.810438919067382812e+01, 1.097791824340820312e+02, 2.706789398193359375e+01, -1.076924438476562500e+02
3.815459823608398438e+01, 1.096776504516601562e+02, 2.689676284790039062e+01, -1.077893905639648438e+02
3.824997711181640625e+01, 1.096701126098632812e+02, 2.668170547485351562e+01, -1.077723083496093750e+02
3.817559051513671875e+01, 1.095304489135742188e+02, 2.683950042724609375e+01, -1.075582809448242188e+02
3.826144027709960938e+01, 1.094369506835937500e+02, 2.737388801574707031e+01, -1.071988296508789062e+02
3.833456039428710938e+01, 1.094268188476562500e+02, 2.714181518554687500e+01, -1.071918792724609375e+02
3.840610885620117188e+01, 1.092896652221679688e+02, 2.694636154174804688e+01, -1.077051010131835938e+02
3.849983596801757812e+01, 1.091986312866210938e+02, 2.666004180908203125e+01, -1.076540451049804688e+02
3.851805496215820312e+01, 1.091769104003906250e+02, 2.657100486755371094e+01, -1.082501220703125000e+02
3.854586029052734375e+01, 1.091557006835937500e+02, 2.643400764465332031e+01, -1.082365646362304688e+02
3.853548049926757812e+01, 1.090605545043945312e+02, 2.607835197448730469e+01, -1.083551254272460938e+02
3.868984603881835938e+01, 1.090974349975585938e+02, 2.601708030700683594e+01, -1.080612411499023438e+02
3.869474792480468750e+01, 1.090599975585937500e+02, 2.608257865905761719e+01, -1.079690475463867188e+02
3.860658264160156250e+01, 1.091093139648437500e+02, 2.632948875427246094e+01, -1.082210540771484375e+02
3.889249038696289062e+01, 1.090522766113281250e+02, 2.602232170104980469e+01, -1.078245162963867188e+02
3.886994934082031250e+01, 1.090152130126953125e+02, 2.607654953002929688e+01, -1.080562820434570312e+02
3.888941574096679688e+01, 1.090204010009765625e+02, 2.597660255432128906e+01, -1.079855270385742188e+02
3.896471786499023438e+01, 1.090093994140625000e+02, 2.578417205810546875e+01, -1.080398788452148438e+02
3.903276443481445312e+01, 1.089678192138671875e+02, 2.568859481811523438e+01, -1.081558761596679688e+02
3.896887207031250000e+01, 1.090593338012695312e+02, 2.604064559936523438e+01, -1.084035415649414062e+02
3.903861999511718750e+01, 1.090259780883789062e+02, 2.586706352233886719e+01, -1.083797683715820312e+02
3.896524810791015625e+01, 1.090881652832031250e+02, 2.579632186889648438e+01, -1.087920913696289062e+02
3.898225021362304688e+01, 1.091021881103515625e+02, 2.624139595031738281e+01, -1.090062713623046875e+02
3.906369400024414062e+01, 1.090891265869140625e+02, 2.611063957214355469e+01, -1.090736999511718750e+02
3.897896194458007812e+01, 1.090463333129882812e+02, 2.594789314270019531e+01, -1.093318557739257812e+02
3.914468002319335938e+01, 1.089732208251953125e+02, 2.571696662902832031e+01, -1.088935928344726562e+02
3.922919082641601562e+01, 1.089539108276367188e+02, 2.557582092285156250e+01, -1.088874740600585938e+02
3.946791458129882812e+01, 1.089737319946289062e+02, 2.526584434509277344e+01, -1.089197082519531250e+02
3.961042404174804688e+01, 1.089150009155273438e+02, 2.490727806091308594e+01, -1.087913742065429688e+02
3.960397338867187500e+01, 1.088395462036132812e+02, 2.479122161865234375e+01, -1.090236587524414062e+02
3.947681045532226562e+01, 1.088438796997070312e+02, 2.466545677185058594e+01, -1.097005767822265625e+02
3.952625274658203125e+01, 1.088202819824218750e+02, 2.457080078125000000e+01, -1.096946868896484375e+02
3.964231109619140625e+01, 1.087801971435546875e+02, 2.444409561157226562e+01, -1.095564956665039062e+02
3.980062866210937500e+01, 1.088712539672851562e+02, 2.448289108276367188e+01, -1.094217910766601562e+02
3.979750823974609375e+01, 1.087465209960937500e+02, 2.449133682250976562e+01, -1.096882095336914062e+02
3.982965469360351562e+01, 1.087004470825195312e+02, 2.422307395935058594e+01, -1.097758712768554688e+02
3.988116836547851562e+01, 1.086637573242187500e+02, 2.407053947448730469e+01, -1.098592758178710938e+02
3.983887863159179688e+01, 1.088501739501953125e+02, 2.412188339233398438e+01, -1.104430847167968750e+02
3.993764877319335938e+01, 1.087983932495117188e+02, 2.403830909729003906e+01, -1.104639663696289062e+02
4.025721359252929688e+01, 1.087453918457031250e+02, 2.394555282592773438e+01, -1.098433074951171875e+02
4.032213592529296875e+01, 1.085723648071289062e+02, 2.398731422424316406e+01, -1.098350524902343750e+02
4.026616668701171875e+01, 1.085565719604492188e+02, 2.393342781066894531e+01, -1.099141464233398438e+02
4.028503417968750000e+01, 1.086107711791992188e+02, 2.419275093078613281e+01, -1.100353469848632812e+02
4.038386535644531250e+01, 1.085992507934570312e+02, 2.412874412536621094e+01, -1.100726547241210938e+02
4.039556503295898438e+01, 1.085466537475585938e+02, 2.394527244567871094e+01, -1.100790252685546875e+02
4.069752883911132812e+01, 1.084970397949218750e+02, 2.418576431274414062e+01, -1.096232147216796875e+02
4.094898223876953125e+01, 1.084808578491210938e+02, 2.392305946350097656e+01, -1.090234909057617188e+02
4.079265594482421875e+01, 1.085793838500976562e+02, 2.387209892272949219e+01, -1.089903411865234375e+02
4.089183807373046875e+01, 1.085730438232421875e+02, 2.383217811584472656e+01, -1.089785919189453125e+02
4.095059967041015625e+01, 1.086263732910156250e+02, 2.411570739746093750e+01, -1.091121444702148438e+02
4.104543304443359375e+01, 1.086293487548828125e+02, 2.413647651672363281e+01, -1.091689987182617188e+02
4.125283432006835938e+01, 1.085090560913085938e+02, 2.448807907104492188e+01, -1.079897232055664062e+02
4.128992843627929688e+01, 1.085374908447265625e+02, 2.435343933105468750e+01, -1.078388442993164062e+02
4.136745452880859375e+01, 1.085435867309570312e+02, 2.429834938049316406e+01, -1.078709716796875000e+02
4.166263580322265625e+01, 1.085766601562500000e+02, 2.420505523681640625e+01, -1.075532989501953125e+02
4.169639587402343750e+01, 1.086320800781250000e+02, 2.420922279357910156e+01, -1.078278961181640625e+02
4.185601043701171875e+01, 1.086623077392578125e+02, 2.387549972534179688e+01, -1.076605300903320312e+02
4.183108901977539062e+01, 1.086362304687500000e+02, 2.380431556701660156e+01, -1.076294021606445312e+02
4.196028518676757812e+01, 1.086475067138671875e+02, 2.370438957214355469e+01, -1.076149444580078125e+02
4.208751678466796875e+01, 1.085662918090820312e+02, 2.368033599853515625e+01, -1.075875625610351562e+02
4.232253265380859375e+01, 1.086189880371093750e+02, 2.339164543151855469e+01, -1.071972122192382812e+02
4.233003997802734375e+01, 1.085795669555664062e+02, 2.329232025146484375e+01, -1.074103393554687500e+02
4.240407180786132812e+01, 1.085300216674804688e+02, 2.323570442199707031e+01, -1.078316802978515625e+02
4.249618911743164062e+01, 1.076132583618164062e+02, 2.326002311706542969e+01, -1.077347869873046875e+02
4.278944778442382812e+01, 1.080016174316406250e+02, 2.348361206054687500e+01, -1.071761703491210938e+02
4.287709045410156250e+01, 1.074525909423828125e+02, 2.360213851928710938e+01, -1.072869262695312500e+02
4.289445495605468750e+01, 1.074773941040039062e+02, 2.401214981079101562e+01, -1.070536193847656250e+02
4.294525909423828125e+01, 1.075445861816406250e+02, 2.417230033874511719e+01, -1.070896301269531250e+02
4.308746719360351562e+01, 1.076588287353515625e+02, 2.370669364929199219e+01, -1.071838226318359375e+02
4.320981216430664062e+01, 1.076691894531250000e+02, 2.361689758300781250e+01, -1.071662902832031250e+02
4.333738327026367188e+01, 1.073968124389648438e+02, 2.405008125305175781e+01, -1.069442520141601562e+02
4.356969451904296875e+01, 1.072661056518554688e+02, 2.390478706359863281e+01, -1.069554214477539062e+02
4.363576889038085938e+01, 1.073435134887695312e+02, 2.459329032897949219e+01, -1.072567825317382812e+02
4.377212142944335938e+01, 1.071719436645507812e+02, 2.489800453186035156e+01, -1.073079910278320312e+02
4.397472763061523438e+01, 1.070809860229492188e+02, 2.496650886535644531e+01, -1.070047225952148438e+02
4.405021667480468750e+01, 1.068492202758789062e+02, 2.499304580688476562e+01, -1.069968261718750000e+02
4.441376113891601562e+01, 1.064329452514648438e+02, 2.498492431640625000e+01, -1.063291397094726562e+02
4.439896774291992188e+01, 1.063277053833007812e+02, 2.486760139465332031e+01, -1.066215057373046875e+02
4.428785324096679688e+01, 1.065654907226562500e+02, 2.494865798950195312e+01, -1.072296905517578125e+02
4.445366287231445312e+01, 1.063928222656250000e+02, 2.466678047180175781e+01, -1.064902038574218750e+02
4.459906768798828125e+01, 1.060827102661132812e+02, 2.500518417358398438e+01, -1.068026580810546875e+02
4.462344360351562500e+01, 1.059668807983398438e+02, 2.494824409484863281e+01, -1.068613357543945312e+02
4.468729019165039062e+01, 1.058129043579101562e+02, 2.553477096557617188e+01, -1.067609024047851562e+02
4.458092880249023438e+01, 1.058588943481445312e+02, 2.565835380554199219e+01, -1.070577163696289062e+02
4.478503036499023438e+01, 1.056641464233398438e+02, 2.592172050476074219e+01, -1.065776138305664062e+02
4.480657196044921875e+01, 1.058685379028320312e+02, 2.626103210449218750e+01, -1.066899642944335938e+02
4.476034545898437500e+01, 1.059005432128906250e+02, 2.642440986633300781e+01, -1.068393402099609375e+02
4.475285720825195312e+01, 1.059226226806640625e+02, 2.669431114196777344e+01, -1.067097091674804688e+02
4.467929840087890625e+01, 1.062640914916992188e+02, 2.694228744506835938e+01, -1.073383636474609375e+02
4.463198089599609375e+01, 1.061661682128906250e+02, 2.708366394042968750e+01, -1.070428390502929688e+02
4.446823883056640625e+01, 1.063742294311523438e+02, 2.755485343933105469e+01, -1.073711853027343750e+02
4.451233291625976562e+01, 1.063869400024414062e+02, 2.801823806762695312e+01, -1.076919326782226562e+02
4.461266326904296875e+01, 1.063530502319335938e+02, 2.785588073730468750e+01, -1.074511718750000000e+02
4.469100570678710938e+01, 1.059914093017578125e+02, 2.788909149169921875e+01, -1.067866973876953125e+02
4.470993041992187500e+01, 1.060621185302734375e+02, 2.772078704833984375e+01, -1.064644088745117188e+02
4.476062774658203125e+01, 1.060314331054687500e+02, 2.772126197814941406e+01, -1.061605682373046875e+02
4.478106307983398438e+01, 1.059663162231445312e+02, 2.801338195800781250e+01, -1.056732635498046875e+02
4.490881729125976562e+01, 1.058409500122070312e+02, 2.784877204895019531e+01, -1.050141754150390625e+02
4.485008239746093750e+01, 1.059018554687500000e+02, 2.783292388916015625e+01, -1.048492660522460938e+02
4.492007064819335938e+01, 1.058012084960937500e+02, 2.791673469543457031e+01, -1.045739440917968750e+02
4.507183837890625000e+01, 1.056135330200195312e+02, 2.807204627990722656e+01, -1.043416137695312500e+02
4.520835113525390625e+01, 1.054946365356445312e+02, 2.796349525451660156e+01, -1.039320907592773438e+02
4.520136260986328125e+01, 1.054795379638671875e+02, 2.822935676574707031e+01, -1.037145385742187500e+02
4.526506423950195312e+01, 1.054582672119140625e+02, 2.826570701599121094e+01, -1.033475036621093750e+02
4.549690246582031250e+01, 1.054353790283203125e+02, 2.817241096496582031e+01, -1.027388916015625000e+02
4.558203506469726562e+01, 1.054207916259765625e+02, 2.778649330139160156e+01, -1.023022766113281250e+02
4.568439102172851562e+01, 1.053865280151367188e+02, 2.734349822998046875e+01, -1.018448410034179688e+02
4.574330139160156250e+01, 1.053352813720703125e+02, 2.747873878479003906e+01, -1.013866043090820312e+02
4.584672546386718750e+01, 1.052959289550781250e+02, 2.732304191589355469e+01, -1.011708679199218750e+02
4.593006134033203125e+01, 1.052641525268554688e+02, 2.710690689086914062e+01, -1.008950271606445312e+02
4.582054519653320312e+01, 1.050445709228515625e+02, 2.714597892761230469e+01, -1.002564773559570312e+02
4.588077163696289062e+01, 1.048119430541992188e+02, 2.680294990539550781e+01, -1.000646362304687500e+02
4.602314758300781250e+01, 1.045893936157226562e+02, 2.659043121337890625e+01, -9.943685150146484375e+01
4.601800918579101562e+01, 1.044695434570312500e+02, 2.670304679870605469e+01, -9.923413085937500000e+01
4.596408843994140625e+01, 1.045942306518554688e+02, 2.688606452941894531e+01, -9.955797576904296875e+01
4.603507614135742188e+01, 1.045576782226562500e+02, 2.686198806762695312e+01, -9.944203948974609375e+01
4.611849212646484375e+01, 1.045132293701171875e+02, 2.689047813415527344e+01, -9.925295257568359375e+01
4.605023574829101562e+01, 1.045629577636718750e+02, 2.650313949584960938e+01, -9.948640441894531250e+01
4.616238403320312500e+01, 1.044446411132812500e+02, 2.638988494873046875e+01, -9.918869781494140625e+01
4.623984527587890625e+01, 1.044001693725585938e+02, 2.629710960388183594e+01, -9.905220031738281250e+01
4.630634689331054688e+01, 1.043887252807617188e+02, 2.632048988342285156e+01, -9.899832153320312500e+01
4.627702331542968750e+01, 1.044489822387695312e+02, 2.626284217834472656e+01, -9.909058380126953125e+01
4.646664047241210938e+01, 1.043263397216796875e+02, 2.603656005859375000e+01, -9.903895568847656250e+01
4.637571334838867188e+01, 1.043023376464843750e+02, 2.640635871887207031e+01, -9.897711181640625000e+01
4.623740386962890625e+01, 1.044440994262695312e+02, 2.657634353637695312e+01, -9.861235046386718750e+01
4.620494842529296875e+01, 1.044661636352539062e+02, 2.643155479431152344e+01, -9.835446166992187500e+01
4.626972579956054688e+01, 1.044398880004882812e+02, 2.643086433410644531e+01, -9.824724578857421875e+01
4.642656326293945312e+01, 1.042008819580078125e+02, 2.657779312133789062e+01, -9.710485076904296875e+01
4.684230804443359375e+01, 1.041692047119140625e+02, 2.710608863830566406e+01, -9.738244628906250000e+01
4.693177032470703125e+01, 1.041363372802734375e+02, 2.708907699584960938e+01, -9.731282043457031250e+01
4.714705276489257812e+01, 1.041732025146484375e+02, 2.679418373107910156e+01, -9.687871551513671875e+01
4.702359008789062500e+01, 1.042258377075195312e+02, 2.667934989929199219e+01, -9.632896423339843750e+01
4.684424209594726562e+01, 1.041019210815429688e+02, 2.629249572753906250e+01, -9.558705139160156250e+01
4.698070907592773438e+01, 1.040655441284179688e+02, 2.615559387207031250e+01, -9.578237915039062500e+01
4.694726181030273438e+01, 1.040881652832031250e+02, 2.634394645690917969e+01, -9.589530181884765625e+01
4.681537246704101562e+01, 1.041846542358398438e+02, 2.604614639282226562e+01, -9.580458068847656250e+01
4.687868881225585938e+01, 1.041631622314453125e+02, 2.619993972778320312e+01, -9.569882965087890625e+01
4.701266098022460938e+01, 1.041487503051757812e+02, 2.649318313598632812e+01, -9.580783081054687500e+01
4.710663223266601562e+01, 1.041100387573242188e+02, 2.683043098449707031e+01, -9.593312835693359375e+01
4.719391250610351562e+01, 1.040918655395507812e+02, 2.685452270507812500e+01, -9.592620086669921875e+01
4.722097015380859375e+01, 1.039863281250000000e+02, 2.740621185302734375e+01, -9.569219207763671875e+01
4.716230010986328125e+01, 1.039821624755859375e+02, 2.761365127563476562e+01, -9.598960876464843750e+01
4.729835128784179688e+01, 1.038592071533203125e+02, 2.805738258361816406e+01, -9.597372436523437500e+01
4.757892227172851562e+01, 1.036900939941406250e+02, 2.848597526550292969e+01, -9.540846252441406250e+01
4.763399124145507812e+01, 1.035848083496093750e+02, 2.863317298889160156e+01, -9.531925964355468750e+01
4.785223007202148438e+01, 1.034177017211914062e+02, 2.873649215698242188e+01, -9.529591369628906250e+01
4.786877441406250000e+01, 1.034256286621093750e+02, 2.884370803833007812e+01, -9.533490753173828125e+01
4.791815185546875000e+01, 1.033943939208984375e+02, 2.866693305969238281e+01, -9.534442138671875000e+01
4.791581344604492188e+01, 1.033046798706054688e+02, 2.874543571472167969e+01, -9.541683959960937500e+01
4.801913070678710938e+01, 1.031903610229492188e+02, 2.890012931823730469e+01, -9.547337341308593750e+01
4.801787567138671875e+01, 1.032869262695312500e+02, 2.857993316650390625e+01, -9.531472015380859375e+01
4.802374649047851562e+01, 1.031865386962890625e+02, 2.876416206359863281e+01, -9.535670471191406250e+01
4.809185028076171875e+01, 1.030584564208984375e+02, 2.860949516296386719e+01, -9.511117553710937500e+01
4.827305221557617188e+01, 1.028742370605468750e+02, 2.862154388427734375e+01, -9.478746795654296875e+01
4.834650421142578125e+01, 1.028382492065429688e+02, 2.869282150268554688e+01, -9.465509033203125000e+01
4.828396224975585938e+01, 1.028098449707031250e+02, 2.920984840393066406e+01, -9.479843902587890625e+01
4.835384368896484375e+01, 1.028528213500976562e+02, 2.955753326416015625e+01, -9.517227172851562500e+01
4.843134307861328125e+01, 1.027471313476562500e+02, 2.968409538269042969e+01, -9.530165863037109375e+01
4.848991394042968750e+01, 1.027318725585937500e+02, 2.975540733337402344e+01, -9.534498596191406250e+01
4.854295349121093750e+01, 1.026914062500000000e+02, 2.978893280029296875e+01, -9.538557434082031250e+01
4.863549423217773438e+01, 1.026075515747070312e+02, 3.035088729858398438e+01, -9.541564941406250000e+01
4.870310592651367188e+01, 1.023256072998046875e+02, 3.046690750122070312e+01, -9.554450988769531250e+01
4.875520706176757812e+01, 1.022966232299804688e+02, 3.031307983398437500e+01, -9.569645690917968750e+01
4.872793197631835938e+01, 1.021936035156250000e+02, 3.027964591979980469e+01, -9.600210571289062500e+01
4.867022705078125000e+01, 1.021516647338867188e+02, 3.039437103271484375e+01, -9.604198455810546875e+01
4.876116943359375000e+01, 1.021676559448242188e+02, 3.071056747436523438e+01, -9.622193908691406250e+01
4.879412460327148438e+01, 1.019607162475585938e+02, 3.094263839721679688e+01, -9.648772430419921875e+01
4.887826919555664062e+01, 1.019200592041015625e+02, 3.122941398620605469e+01, -9.598606872558593750e+01
4.893133544921875000e+01, 1.018994293212890625e+02, 3.129616546630859375e+01, -9.584445953369140625e+01
4.903266525268554688e+01, 1.017896118164062500e+02, 3.149246978759765625e+01, -9.587288665771484375e+01
4.910430908203125000e+01, 1.017459793090820312e+02, 3.198168373107910156e+01, -9.609802246093750000e+01
4.919285583496093750e+01, 1.017239532470703125e+02, 3.199005126953125000e+01, -9.595498657226562500e+01
4.939128112792968750e+01, 1.015641479492187500e+02, 3.212831878662109375e+01, -9.579019165039062500e+01
4.954383087158203125e+01, 1.013948593139648438e+02, 3.216733169555664062e+01, -9.613478851318359375e+01
4.960312652587890625e+01, 1.014266281127929688e+02, 3.224948883056640625e+01, -9.608061981201171875e+01
4.967264556884765625e+01, 1.014508285522460938e+02, 3.192207145690917969e+01, -9.594991302490234375e+01
4.971468734741210938e+01, 1.014153442382812500e+02, 3.210092544555664062e+01, -9.583891296386718750e+01
4.979946517944335938e+01, 1.013932189941406250e+02, 3.233304214477539062e+01, -9.594060516357421875e+01
4.981857681274414062e+01, 1.014915618896484375e+02, 3.227362442016601562e+01, -9.571027374267578125e+01
4.986632156372070312e+01, 1.013806915283203125e+02, 3.258442687988281250e+01, -9.607160949707031250e+01
4.999977874755859375e+01, 1.012502288818359375e+02, 3.222348403930664062e+01, -9.592744445800781250e+01
4.992115783691406250e+01, 1.011647262573242188e+02, 3.181856727600097656e+01, -9.583974456787109375e+01
4.997340774536132812e+01, 1.012228698730468750e+02, 3.169217491149902344e+01, -9.575692749023437500e+01
5.001107406616210938e+01, 1.011956100463867188e+02, 3.157579040527343750e+01, -9.575084686279296875e+01
5.018878936767578125e+01, 1.011904754638671875e+02, 3.195501708984375000e+01, -9.563073730468750000e+01
5.044624328613281250e+01, 1.011676254272460938e+02, 3.204077148437500000e+01, -9.597013092041015625e+01
5.063787460327148438e+01, 1.011860961914062500e+02, 3.229487609863281250e+01, -9.572004699707031250e+01
5.055166244506835938e+01, 1.012207183837890625e+02, 3.212019729614257812e+01, -9.585636901855468750e+01
5.061978149414062500e+01, 1.012748336791992188e+02, 3.218966674804687500e+01, -9.551287078857421875e+01
5.084331130981445312e+01, 1.011399002075195312e+02, 3.237096786499023438e+01, -9.520306396484375000e+01
5.103564834594726562e+01, 1.011357192993164062e+02, 3.258114624023437500e+01, -9.542659759521484375e+01
5.128829574584960938e+01, 1.008171768188476562e+02, 3.307252502441406250e+01, -9.461971282958984375e+01
5.132731628417968750e+01, 1.008040847778320312e+02, 3.306758117675781250e+01, -9.446707916259765625e+01
5.142175674438476562e+01, 1.007968521118164062e+02, 3.294427871704101562e+01, -9.406593322753906250e+01
5.134662246704101562e+01, 1.008135452270507812e+02, 3.235850906372070312e+01, -9.406262207031250000e+01
5.137074279785156250e+01, 1.007942581176757812e+02, 3.232376480102539062e+01, -9.390469360351562500e+01
5.128045272827148438e+01, 1.008516235351562500e+02, 3.222817611694335938e+01, -9.400158691406250000e+01
5.117173767089843750e+01, 1.009806442260742188e+02, 3.277595520019531250e+01, -9.366968536376953125e+01
5.116000366210937500e+01, 1.011445465087890625e+02, 3.294572448730468750e+01, -9.406263732910156250e+01
5.129033279418945312e+01, 1.011428680419921875e+02, 3.312185668945312500e+01, -9.419361114501953125e+01
5.133723068237304688e+01, 1.011109619140625000e+02, 3.304856491088867188e+01, -9.408328247070312500e+01
5.123862838745117188e+01, 1.010170135498046875e+02, 3.344621276855468750e+01, -9.402703857421875000e+01
5.130670166015625000e+01, 1.009914169311523438e+02, 3.347998809814453125e+01, -9.397891235351562500e+01
5.134355163574218750e+01, 1.010805282592773438e+02, 3.405020141601562500e+01, -9.408847808837890625e+01
5.154713821411132812e+01, 1.010642166137695312e+02, 3.377030181884765625e+01, -9.415977478027343750e+01
5.160116958618164062e+01, 1.010431365966796875e+02, 3.381463241577148438e+01, -9.414423370361328125e+01
5.155016326904296875e+01, 1.011000366210937500e+02, 3.376898193359375000e+01, -9.398941040039062500e+01
5.163361740112304688e+01, 1.010858306884765625e+02, 3.374385070800781250e+01, -9.389590454101562500e+01
5.168160629272460938e+01, 1.010599670410156250e+02, 3.370999908447265625e+01, -9.376806640625000000e+01
5.160681915283203125e+01, 1.011484222412109375e+02, 3.388674926757812500e+01, -9.360728454589843750e+01
5.165195846557617188e+01, 1.012320938110351562e+02, 3.381903457641601562e+01, -9.357944488525390625e+01
5.173128128051757812e+01, 1.012048263549804688e+02, 3.384680557250976562e+01, -9.351203155517578125e+01
5.185550689697265625e+01, 1.011055145263671875e+02, 3.467525100708007812e+01, -9.327803802490234375e+01
5.193148040771484375e+01, 1.010834732055664062e+02, 3.469906234741210938e+01, -9.317871856689453125e+01
5.195586395263671875e+01, 1.010821304321289062e+02, 3.512272262573242188e+01, -9.281916809082031250e+01
5.206929397583007812e+01, 1.010129776000976562e+02, 3.541088104248046875e+01, -9.276261901855468750e+01
5.217774581909179688e+01, 1.010312347412109375e+02, 3.520539474487304688e+01, -9.354531860351562500e+01
5.222409820556640625e+01, 1.010988616943359375e+02, 3.529711151123046875e+01, -9.341947937011718750e+01
5.228534317016601562e+01, 1.010638351440429688e+02, 3.537541198730468750e+01, -9.336447143554687500e+01
5.233495330810546875e+01, 1.011632919311523438e+02, 3.544546890258789062e+01, -9.335513305664062500e+01
5.238957977294921875e+01, 1.011382217407226562e+02, 3.545931625366210938e+01, -9.329973602294921875e+01
5.246550750732421875e+01, 1.011843185424804688e+02, 3.587950134277343750e+01, -9.314980316162109375e+01
5.255144882202148438e+01, 1.010701828002929688e+02, 3.616136169433593750e+01, -9.318064880371093750e+01
5.266765213012695312e+01, 1.009565353393554688e+02, 3.657822036743164062e+01, -9.298927307128906250e+01
5.271979522705078125e+01, 1.009374313354492188e+02, 3.647978973388671875e+01, -9.301819610595703125e+01
5.278226470947265625e+01, 1.009050903320312500e+02, 3.651364517211914062e+01, -9.310544586181640625e+01
5.274687957763671875e+01, 1.009774093627929688e+02, 3.658182525634765625e+01, -9.319438934326171875e+01
5.280863189697265625e+01, 1.009547500610351562e+02, 3.655842971801757812e+01, -9.312117004394531250e+01
5.288851547241210938e+01, 1.008241729736328125e+02, 3.673581695556640625e+01, -9.311454010009765625e+01
5.305938339233398438e+01, 1.007179489135742188e+02, 3.676952743530273438e+01, -9.313558197021484375e+01
5.306106185913085938e+01, 1.007111663818359375e+02, 3.690343856811523438e+01, -9.232656097412109375e+01
5.303262710571289062e+01, 1.007398910522460938e+02, 3.654882431030273438e+01, -9.263667297363281250e+01
5.315153121948242188e+01, 1.005614013671875000e+02, 3.637892532348632812e+01, -9.258242797851562500e+01
5.323191070556640625e+01, 1.005333786010742188e+02, 3.677832794189453125e+01, -9.251277160644531250e+01
5.341810607910156250e+01, 1.003084564208984375e+02, 3.696706771850585938e+01, -9.291383361816406250e+01
