1.995361900329589844e+01, 1.114058914184570312e+02, 8.137256622314453125e+01, -1.063649063110351562e+02
2.021189117431640625e+01, 1.114805068969726562e+02, 7.946842956542968750e+01, -1.055800552368164062e+02
2.026338195800781250e+01, 1.114125747680664062e+02, 7.730642700195312500e+01, -1.052159500122070312e+02
2.027740287780761719e+01, 1.115851898193359375e+02, 7.551892089843750000e+01, -1.049949188232421875e+02
2.033443641662597656e+01, 1.118062210083007812e+02, 7.350320434570312500e+01, -1.053936843872070312e+02
2.033440971374511719e+01, 1.117676696777343750e+02, 7.182201385498046875e+01, -1.054965133666992188e+02
2.050717163085937500e+01, 1.117096939086914062e+02, 7.009764099121093750e+01, -1.051181716918945312e+02
2.063667106628417969e+01, 1.116526870727539062e+02, 6.831085968017578125e+01, -1.048522262573242188e+02
2.064237022399902344e+01, 1.115830841064453125e+02, 6.719614410400390625e+01, -1.032593307495117188e+02
2.099566078186035156e+01, 1.115543365478515625e+02, 6.658530426025390625e+01, -1.052388534545898438e+02
2.108180046081542969e+01, 1.117839584350585938e+02, 6.683079528808593750e+01, -1.047994384765625000e+02
2.101585769653320312e+01, 1.117494201660156250e+02, 6.564480590820312500e+01, -1.041622467041015625e+02
2.101913452148437500e+01, 1.118166351318359375e+02, 6.451717376708984375e+01, -1.020925598144531250e+02
2.108893203735351562e+01, 1.118374099731445312e+02, 6.314086532592773438e+01, -1.054067230224609375e+02
2.119415283203125000e+01, 1.117870483398437500e+02, 6.151986312866210938e+01, -1.046075363159179688e+02
2.093233489990234375e+01, 1.117824249267578125e+02, 5.979102706909179688e+01, -1.060645294189453125e+02
2.123351097106933594e+01, 1.116252288818359375e+02, 5.805990600585937500e+01, -1.053660049438476562e+02
2.143139266967773438e+01, 1.115917358398437500e+02, 5.614911651611328125e+01, -1.047873153686523438e+02
2.158588790893554688e+01, 1.115548171997070312e+02, 5.471174621582031250e+01, -1.054178543090820312e+02
2.160655212402343750e+01, 1.115530853271484375e+02, 5.334721374511718750e+01, -1.059186401367187500e+02
2.208534812927246094e+01, 1.114355010986328125e+02, 5.207964324951171875e+01, -1.068114318847656250e+02
2.182478523254394531e+01, 1.115556945800781250e+02, 5.099704360961914062e+01, -1.073927230834960938e+02
2.191093826293945312e+01, 1.114255981445312500e+02, 4.911344146728515625e+01, -1.074452133178710938e+02
2.203254890441894531e+01, 1.115639877319335938e+02, 4.845900726318359375e+01, -1.078058471679687500e+02
2.163636207580566406e+01, 1.116746978759765625e+02, 4.670838546752929688e+01, -1.080416336059570312e+02
2.175993156433105469e+01, 1.117330398559570312e+02, 4.576573562622070312e+01, -1.081752548217773438e+02
2.192975425720214844e+01, 1.118274307250976562e+02, 4.420944595336914062e+01, -1.089099273681640625e+02
2.195211982727050781e+01, 1.117426452636718750e+02, 4.289525604248046875e+01, -1.089937973022460938e+02
2.208090400695800781e+01, 1.116893463134765625e+02, 4.158263778686523438e+01, -1.090577926635742188e+02
2.210612297058105469e+01, 1.115134963989257812e+02, 3.984127807617187500e+01, -1.091879577636718750e+02
2.208867263793945312e+01, 1.114161758422851562e+02, 3.910836410522460938e+01, -1.095641479492187500e+02
2.192642974853515625e+01, 1.114140548706054688e+02, 3.789130401611328125e+01, -1.102040405273437500e+02
2.215479469299316406e+01, 1.113775253295898438e+02, 3.757970428466796875e+01, -1.103597717285156250e+02
2.227883720397949219e+01, 1.112899551391601562e+02, 3.736780929565429688e+01, -1.106265029907226562e+02
2.222652816772460938e+01, 1.112895202636718750e+02, 3.707778167724609375e+01, -1.108135299682617188e+02
2.245729255676269531e+01, 1.113464889526367188e+02, 3.637008285522460938e+01, -1.115109939575195312e+02
2.241333961486816406e+01, 1.114460220336914062e+02, 3.583412551879882812e+01, -1.114035034179687500e+02
2.212852287292480469e+01, 1.113088531494140625e+02, 3.561020660400390625e+01, -1.115075836181640625e+02
2.219856452941894531e+01, 1.112088394165039062e+02, 3.466462326049804688e+01, -1.121571044921875000e+02
2.241062927246093750e+01, 1.111786193847656250e+02, 3.447348022460937500e+01, -1.120817718505859375e+02
2.235128784179687500e+01, 1.111449050903320312e+02, 3.406996536254882812e+01, -1.125425720214843750e+02
2.217046356201171875e+01, 1.113000335693359375e+02, 3.431701660156250000e+01, -1.127585296630859375e+02
2.200505065917968750e+01, 1.112546234130859375e+02, 3.387459945678710938e+01, -1.125734634399414062e+02
2.209441375732421875e+01, 1.113298416137695312e+02, 3.353322982788085938e+01, -1.129501495361328125e+02
2.210990524291992188e+01, 1.113339843750000000e+02, 3.266131591796875000e+01, -1.127993621826171875e+02
2.196594238281250000e+01, 1.113644790649414062e+02, 3.243975448608398438e+01, -1.128537139892578125e+02
2.201334381103515625e+01, 1.113860473632812500e+02, 3.229883193969726562e+01, -1.126027297973632812e+02
2.197510337829589844e+01, 1.113604965209960938e+02, 3.226176071166992188e+01, -1.128755416870117188e+02
2.187853431701660156e+01, 1.114148864746093750e+02, 3.199944877624511719e+01, -1.130496978759765625e+02
2.211303138732910156e+01, 1.113786010742187500e+02, 3.211212921142578125e+01, -1.135034713745117188e+02
2.206289482116699219e+01, 1.114030990600585938e+02, 3.229129791259765625e+01, -1.140929412841796875e+02
2.229598808288574219e+01, 1.114825897216796875e+02, 3.292214965820312500e+01, -1.143387298583984375e+02
2.228613281250000000e+01, 1.114999923706054688e+02, 3.244543075561523438e+01, -1.146089630126953125e+02
2.203635406494140625e+01, 1.114897689819335938e+02, 3.315488815307617188e+01, -1.150918350219726562e+02
2.202249336242675781e+01, 1.115086746215820312e+02, 3.308057785034179688e+01, -1.150845031738281250e+02
2.221512603759765625e+01, 1.115252380371093750e+02, 3.328810501098632812e+01, -1.150132751464843750e+02
2.195961570739746094e+01, 1.115055007934570312e+02, 3.230122375488281250e+01, -1.151079864501953125e+02
2.211471176147460938e+01, 1.114584197998046875e+02, 3.255197906494140625e+01, -1.155175704956054688e+02
2.223640632629394531e+01, 1.114950561523437500e+02, 3.276894760131835938e+01, -1.158271484375000000e+02
2.236631202697753906e+01, 1.115013427734375000e+02, 3.236292266845703125e+01, -1.155848236083984375e+02
2.236749839782714844e+01, 1.115214233398437500e+02, 3.209881973266601562e+01, -1.152828903198242188e+02
2.221506881713867188e+01, 1.115532302856445312e+02, 3.115802955627441406e+01, -1.158217163085937500e+02
2.253008651733398438e+01, 1.115820388793945312e+02, 3.184381866455078125e+01, -1.158724288940429688e+02
2.259666633605957031e+01, 1.116421432495117188e+02, 3.149858093261718750e+01, -1.160043945312500000e+02
2.311980438232421875e+01, 1.116710052490234375e+02, 3.221105575561523438e+01, -1.165380935668945312e+02
2.322798347473144531e+01, 1.116890182495117188e+02, 3.268358993530273438e+01, -1.164473648071289062e+02
2.359631347656250000e+01, 1.117201538085937500e+02, 3.278884506225585938e+01, -1.166339187622070312e+02
2.343828773498535156e+01, 1.117384567260742188e+02, 3.288039398193359375e+01, -1.170603942871093750e+02
2.348361015319824219e+01, 1.118652038574218750e+02, 3.303696441650390625e+01, -1.172412414550781250e+02
2.325854492187500000e+01, 1.118097534179687500e+02, 3.219523620605468750e+01, -1.174513320922851562e+02
2.309114456176757812e+01, 1.118735809326171875e+02, 3.197953414916992188e+01, -1.175540542602539062e+02
2.311649894714355469e+01, 1.118893203735351562e+02, 3.173903274536132812e+01, -1.173975524902343750e+02
2.314202308654785156e+01, 1.119694900512695312e+02, 3.055268478393554688e+01, -1.180329055786132812e+02
2.317407417297363281e+01, 1.119435043334960938e+02, 3.160035514831542969e+01, -1.181634521484375000e+02
2.279456329345703125e+01, 1.119289550781250000e+02, 3.098856735229492188e+01, -1.186219787597656250e+02
2.272704887390136719e+01, 1.119882431030273438e+02, 3.007140350341796875e+01, -1.188419799804687500e+02
2.276601600646972656e+01, 1.120760803222656250e+02, 2.903817749023437500e+01, -1.189569854736328125e+02
2.289524459838867188e+01, 1.119695434570312500e+02, 2.929112625122070312e+01, -1.191328430175781250e+02
2.315663719177246094e+01, 1.118815841674804688e+02, 2.988275337219238281e+01, -1.197331771850585938e+02
2.329836463928222656e+01, 1.120559997558593750e+02, 2.909624671936035156e+01, -1.199535980224609375e+02
2.302621078491210938e+01, 1.120207901000976562e+02, 2.914609718322753906e+01, -1.205153884887695312e+02
2.331372642517089844e+01, 1.120855941772460938e+02, 2.912176322937011719e+01, -1.209340972900390625e+02
2.312203025817871094e+01, 1.120160598754882812e+02, 2.807901000976562500e+01, -1.209869842529296875e+02
2.332697486877441406e+01, 1.120221862792968750e+02, 2.812723731994628906e+01, -1.207979888916015625e+02
2.363292312622070312e+01, 1.119663238525390625e+02, 2.801223182678222656e+01, -1.209315948486328125e+02
2.409142303466796875e+01, 1.120289154052734375e+02, 2.766803550720214844e+01, -1.214779129028320312e+02
2.430892753601074219e+01, 1.120435791015625000e+02, 2.876351928710937500e+01, -1.214982910156250000e+02
2.429165840148925781e+01, 1.121059265136718750e+02, 2.866185379028320312e+01, -1.217517852783203125e+02
2.417298126220703125e+01, 1.121596832275390625e+02, 2.916660118103027344e+01, -1.219479675292968750e+02
2.408596229553222656e+01, 1.119968414306640625e+02, 2.961139106750488281e+01, -1.220448837280273438e+02
2.412120246887207031e+01, 1.119297485351562500e+02, 2.915377044677734375e+01, -1.228908767700195312e+02
2.421228218078613281e+01, 1.119414215087890625e+02, 2.907270431518554688e+01, -1.225864639282226562e+02
2.396293449401855469e+01, 1.120239257812500000e+02, 2.975640487670898438e+01, -1.229227752685546875e+02
2.409354782104492188e+01, 1.119618225097656250e+02, 2.990361976623535156e+01, -1.235097961425781250e+02
2.401139831542968750e+01, 1.119129028320312500e+02, 3.036978149414062500e+01, -1.233880233764648438e+02
2.394544029235839844e+01, 1.120525283813476562e+02, 3.144506645202636719e+01, -1.234744720458984375e+02
2.396498680114746094e+01, 1.120742111206054688e+02, 3.167883300781250000e+01, -1.236354980468750000e+02
2.393659210205078125e+01, 1.119811325073242188e+02, 3.198643493652343750e+01, -1.237248840332031250e+02
2.363177490234375000e+01, 1.120154647827148438e+02, 3.279803466796875000e+01, -1.235300216674804688e+02
2.389644813537597656e+01, 1.119758377075195312e+02, 3.224436569213867188e+01, -1.237886657714843750e+02
2.420655059814453125e+01, 1.118859176635742188e+02, 3.213959121704101562e+01, -1.232355041503906250e+02
2.417576026916503906e+01, 1.120046539306640625e+02, 3.146952438354492188e+01, -1.234862289428710938e+02
2.394175148010253906e+01, 1.119983596801757812e+02, 3.117562103271484375e+01, -1.231494064331054688e+02
2.390704727172851562e+01, 1.120397033691406250e+02, 3.076907157897949219e+01, -1.233254089355468750e+02
2.350004577636718750e+01, 1.120907821655273438e+02, 3.079555511474609375e+01, -1.232266006469726562e+02
2.358126831054687500e+01, 1.120716857910156250e+02, 3.068441963195800781e+01, -1.235280456542968750e+02
2.342384719848632812e+01, 1.121491241455078125e+02, 3.071741104125976562e+01, -1.233085556030273438e+02
2.335942459106445312e+01, 1.121914138793945312e+02, 3.020144462585449219e+01, -1.233728790283203125e+02
2.329861259460449219e+01, 1.122080917358398438e+02, 2.991453742980957031e+01, -1.229480743408203125e+02
2.356896400451660156e+01, 1.121304550170898438e+02, 2.956498718261718750e+01, -1.229631423950195312e+02
2.355426788330078125e+01, 1.121608200073242188e+02, 2.932644081115722656e+01, -1.226198120117187500e+02
2.390773200988769531e+01, 1.122525405883789062e+02, 2.868846321105957031e+01, -1.221073226928710938e+02
2.396689987182617188e+01, 1.124363021850585938e+02, 2.858114814758300781e+01, -1.222519836425781250e+02
2.431034660339355469e+01, 1.125175170898437500e+02, 2.873855209350585938e+01, -1.225665130615234375e+02
2.415007781982421875e+01, 1.124787368774414062e+02, 2.881224060058593750e+01, -1.225976943969726562e+02
2.411061286926269531e+01, 1.125474548339843750e+02, 2.891350936889648438e+01, -1.226578369140625000e+02
2.393408393859863281e+01, 1.124775543212890625e+02, 2.857712554931640625e+01, -1.224437255859375000e+02
2.418998527526855469e+01, 1.124651031494140625e+02, 2.822283172607421875e+01, -1.223726425170898438e+02
2.414770317077636719e+01, 1.124127883911132812e+02, 2.828081321716308594e+01, -1.218617401123046875e+02
2.420245933532714844e+01, 1.124008102416992188e+02, 2.781996726989746094e+01, -1.219335403442382812e+02
2.407214355468750000e+01, 1.124310531616210938e+02, 2.732425117492675781e+01, -1.221727828979492188e+02
2.411594963073730469e+01, 1.124703979492187500e+02, 2.746754837036132812e+01, -1.222639923095703125e+02
2.388373756408691406e+01, 1.124532928466796875e+02, 2.719433212280273438e+01, -1.216665420532226562e+02
2.418394088745117188e+01, 1.124334335327148438e+02, 2.705989456176757812e+01, -1.218104324340820312e+02
2.410454750061035156e+01, 1.123419113159179688e+02, 2.708983421325683594e+01, -1.216337280273437500e+02
2.390061950683593750e+01, 1.123381195068359375e+02, 2.704104042053222656e+01, -1.212633438110351562e+02
2.369798278808593750e+01, 1.124244232177734375e+02, 2.710139465332031250e+01, -1.210616455078125000e+02
2.358045387268066406e+01, 1.124240417480468750e+02, 2.644826316833496094e+01, -1.206275787353515625e+02
2.371984100341796875e+01, 1.125273208618164062e+02, 2.639113235473632812e+01, -1.207377777099609375e+02
2.363698196411132812e+01, 1.126109008789062500e+02, 2.604653358459472656e+01, -1.214604644775390625e+02
2.395490646362304688e+01, 1.126859970092773438e+02, 2.636497879028320312e+01, -1.215488281250000000e+02
2.396560478210449219e+01, 1.128199386596679688e+02, 2.643652153015136719e+01, -1.216326293945312500e+02
2.425036621093750000e+01, 1.128395004272460938e+02, 2.631218338012695312e+01, -1.217369384765625000e+02
2.460570144653320312e+01, 1.129500808715820312e+02, 2.577468490600585938e+01, -1.219562530517578125e+02
2.459038352966308594e+01, 1.130118179321289062e+02, 2.603754615783691406e+01, -1.215655288696289062e+02
2.462427520751953125e+01, 1.130296783447265625e+02, 2.578347969055175781e+01, -1.213398971557617188e+02
2.448020744323730469e+01, 1.129126663208007812e+02, 2.528624916076660156e+01, -1.213021392822265625e+02
2.464732551574707031e+01, 1.129105453491210938e+02, 2.534588623046875000e+01, -1.212834167480468750e+02
2.435713005065917969e+01, 1.129098129272460938e+02, 2.481506538391113281e+01, -1.215404205322265625e+02
2.453804588317871094e+01, 1.129223327636718750e+02, 2.399424171447753906e+01, -1.219209747314453125e+02
2.464088821411132812e+01, 1.129052429199218750e+02, 2.377704811096191406e+01, -1.221562118530273438e+02
2.447247886657714844e+01, 1.127997817993164062e+02, 2.342773437500000000e+01, -1.226692886352539062e+02
2.478173255920410156e+01, 1.127934036254882812e+02, 2.355016326904296875e+01, -1.225757598876953125e+02
2.479116821289062500e+01, 1.127382736206054688e+02, 2.360607337951660156e+01, -1.226232910156250000e+02
2.478721237182617188e+01, 1.127080001831054688e+02, 2.314857292175292969e+01, -1.226460723876953125e+02
2.468872451782226562e+01, 1.126894378662109375e+02, 2.288154220581054688e+01, -1.223233261108398438e+02
2.499457550048828125e+01, 1.126054458618164062e+02, 2.282999420166015625e+01, -1.217733840942382812e+02
2.513059234619140625e+01, 1.125314712524414062e+02, 2.242579460144042969e+01, -1.220701293945312500e+02
2.502692794799804688e+01, 1.125396575927734375e+02, 2.200561904907226562e+01, -1.221789474487304688e+02
2.532889747619628906e+01, 1.126001434326171875e+02, 2.136617469787597656e+01, -1.222689285278320312e+02
2.535474014282226562e+01, 1.126619110107421875e+02, 2.150559806823730469e+01, -1.226615982055664062e+02
2.551438140869140625e+01, 1.127541656494140625e+02, 2.118537902832031250e+01, -1.228533706665039062e+02
2.594402694702148438e+01, 1.128503494262695312e+02, 2.078035545349121094e+01, -1.226461410522460938e+02
2.615370368957519531e+01, 1.128299102783203125e+02, 2.033308601379394531e+01, -1.225444946289062500e+02
2.619159317016601562e+01, 1.128463668823242188e+02, 2.010592269897460938e+01, -1.223310317993164062e+02
2.620151138305664062e+01, 1.127703475952148438e+02, 1.989196777343750000e+01, -1.225433731079101562e+02
2.626258850097656250e+01, 1.128012771606445312e+02, 2.000897407531738281e+01, -1.226696701049804688e+02
2.628342819213867188e+01, 1.128589248657226562e+02, 1.984331703186035156e+01, -1.227562713623046875e+02
2.641341972351074219e+01, 1.128678894042968750e+02, 1.941448593139648438e+01, -1.223074417114257812e+02
2.668313407897949219e+01, 1.128933715820312500e+02, 1.925279426574707031e+01, -1.223335418701171875e+02
2.684676742553710938e+01, 1.129473037719726562e+02, 1.916226577758789062e+01, -1.224976959228515625e+02
2.692360687255859375e+01, 1.129820632934570312e+02, 1.938972663879394531e+01, -1.222452621459960938e+02
2.713780784606933594e+01, 1.130687561035156250e+02, 1.925562286376953125e+01, -1.222439880371093750e+02
2.718774032592773438e+01, 1.130088119506835938e+02, 1.929856109619140625e+01, -1.219880065917968750e+02
2.724311256408691406e+01, 1.130261993408203125e+02, 1.903824996948242188e+01, -1.222147369384765625e+02
2.724508476257324219e+01, 1.131105804443359375e+02, 1.972388458251953125e+01, -1.221462326049804688e+02
2.729966735839843750e+01, 1.132272186279296875e+02, 1.981407737731933594e+01, -1.222192687988281250e+02
2.750709724426269531e+01, 1.132135391235351562e+02, 2.023670959472656250e+01, -1.226423721313476562e+02
2.804504776000976562e+01, 1.132390289306640625e+02, 2.001140594482421875e+01, -1.230068130493164062e+02
2.822424507141113281e+01, 1.131621475219726562e+02, 1.951523780822753906e+01, -1.229116668701171875e+02
2.816829109191894531e+01, 1.132133712768554688e+02, 1.902779388427734375e+01, -1.230666503906250000e+02
2.829297828674316406e+01, 1.132638244628906250e+02, 1.908412551879882812e+01, -1.231946640014648438e+02
2.840382766723632812e+01, 1.132966079711914062e+02, 1.878734970092773438e+01, -1.234031143188476562e+02
2.852723121643066406e+01, 1.132602386474609375e+02, 1.846280860900878906e+01, -1.235347137451171875e+02
2.867655181884765625e+01, 1.132300033569335938e+02, 1.844211578369140625e+01, -1.231872482299804688e+02
2.870305824279785156e+01, 1.133188552856445312e+02, 1.834220886230468750e+01, -1.230756988525390625e+02
2.860482788085937500e+01, 1.132888870239257812e+02, 1.842296028137207031e+01, -1.225187911987304688e+02
2.863056755065917969e+01, 1.131814346313476562e+02, 1.882873153686523438e+01, -1.226716918945312500e+02
2.880432891845703125e+01, 1.131384201049804688e+02, 1.870343208312988281e+01, -1.224688491821289062e+02
2.887413978576660156e+01, 1.130391464233398438e+02, 1.812145996093750000e+01, -1.224746856689453125e+02
2.846476936340332031e+01, 1.130030059814453125e+02, 1.807212448120117188e+01, -1.227201995849609375e+02
2.852304077148437500e+01, 1.130836715698242188e+02, 1.771690368652343750e+01, -1.228574218750000000e+02
2.876416778564453125e+01, 1.130831909179687500e+02, 1.779078102111816406e+01, -1.232025985717773438e+02
2.888424682617187500e+01, 1.130754089355468750e+02, 1.777092361450195312e+01, -1.230867919921875000e+02
2.884213638305664062e+01, 1.130013351440429688e+02, 1.751248741149902344e+01, -1.228763732910156250e+02
2.888787841796875000e+01, 1.129635543823242188e+02, 1.754133224487304688e+01, -1.225424346923828125e+02
2.926975822448730469e+01, 1.129197006225585938e+02, 1.690385055541992188e+01, -1.226367950439453125e+02
2.913298988342285156e+01, 1.130112380981445312e+02, 1.687841033935546875e+01, -1.223642959594726562e+02
2.911147308349609375e+01, 1.130013885498046875e+02, 1.667357444763183594e+01, -1.223441162109375000e+02
2.945391082763671875e+01, 1.128494491577148438e+02, 1.682187843322753906e+01, -1.221714324951171875e+02
2.935129928588867188e+01, 1.129376068115234375e+02, 1.651244735717773438e+01, -1.222896575927734375e+02
2.942884826660156250e+01, 1.130219192504882812e+02, 1.641710853576660156e+01, -1.220795669555664062e+02
2.944861412048339844e+01, 1.129576950073242188e+02, 1.694741821289062500e+01, -1.218705749511718750e+02
2.962586975097656250e+01, 1.130795669555664062e+02, 1.696770286560058594e+01, -1.219393768310546875e+02
2.981658363342285156e+01, 1.130887756347656250e+02, 1.658412742614746094e+01, -1.219724731445312500e+02
2.982083320617675781e+01, 1.130493240356445312e+02, 1.614520835876464844e+01, -1.221145629882812500e+02
2.990178108215332031e+01, 1.131662368774414062e+02, 1.569321727752685547e+01, -1.221793136596679688e+02
2.976793861389160156e+01, 1.130997009277343750e+02, 1.583848381042480469e+01, -1.225758819580078125e+02
2.985239601135253906e+01, 1.130918960571289062e+02, 1.615401077270507812e+01, -1.227252731323242188e+02
2.974871826171875000e+01, 1.129490127563476562e+02, 1.583439636230468750e+01, -1.232225952148437500e+02
2.966721343994140625e+01, 1.128468093872070312e+02, 1.558094787597656250e+01, -1.235922546386718750e+02
2.977133941650390625e+01, 1.127411193847656250e+02, 1.567169284820556641e+01, -1.240635528564453125e+02
3.015605545043945312e+01, 1.127901306152343750e+02, 1.573205280303955078e+01, -1.238817825317382812e+02
2.986950302124023438e+01, 1.127480850219726562e+02, 1.573333263397216797e+01, -1.242473220825195312e+02
3.003589248657226562e+01, 1.126944732666015625e+02, 1.545533084869384766e+01, -1.244439392089843750e+02
2.991764259338378906e+01, 1.126613006591796875e+02, 1.544888305664062500e+01, -1.241961212158203125e+02
2.972593879699707031e+01, 1.125377273559570312e+02, 1.510868644714355469e+01, -1.239292449951171875e+02
2.996689033508300781e+01, 1.126315383911132812e+02, 1.486161994934082031e+01, -1.239213180541992188e+02
2.976032066345214844e+01, 1.126819152832031250e+02, 1.502614784240722656e+01, -1.240095596313476562e+02
2.990483474731445312e+01, 1.125752182006835938e+02, 1.553102397918701172e+01, -1.240000610351562500e+02
3.000218772888183594e+01, 1.125714111328125000e+02, 1.550640010833740234e+01, -1.246372375488281250e+02
3.034506607055664062e+01, 1.127798690795898438e+02, 1.585172176361083984e+01, -1.243666610717773438e+02
3.015854072570800781e+01, 1.127607040405273438e+02, 1.587392234802246094e+01, -1.239885330200195312e+02
3.022373008728027344e+01, 1.127201080322265625e+02, 1.615222930908203125e+01, -1.238938903808593750e+02
3.034501838684082031e+01, 1.126156997680664062e+02, 1.619348907470703125e+01, -1.239973449707031250e+02
3.048539352416992188e+01, 1.125027160644531250e+02, 1.578158187866210938e+01, -1.243078842163085938e+02
3.090579986572265625e+01, 1.125524291992187500e+02, 1.642757225036621094e+01, -1.241238250732421875e+02
3.096015357971191406e+01, 1.124031066894531250e+02, 1.643038368225097656e+01, -1.237366104125976562e+02
3.095039367675781250e+01, 1.124834518432617188e+02, 1.653692626953125000e+01, -1.237697753906250000e+02
3.109492492675781250e+01, 1.124935836791992188e+02, 1.640545272827148438e+01, -1.239518585205078125e+02
3.112219429016113281e+01, 1.125633621215820312e+02, 1.609878921508789062e+01, -1.243399047851562500e+02
3.144749069213867188e+01, 1.124385299682617188e+02, 1.604832077026367188e+01, -1.241585464477539062e+02
3.171907043457031250e+01, 1.126269302368164062e+02, 1.579850482940673828e+01, -1.239746704101562500e+02
3.195927238464355469e+01, 1.126943359375000000e+02, 1.644795799255371094e+01, -1.236556777954101562e+02
3.198839378356933594e+01, 1.127292098999023438e+02, 1.718825340270996094e+01, -1.237895355224609375e+02
3.192136192321777344e+01, 1.127373962402343750e+02, 1.642029190063476562e+01, -1.242808151245117188e+02
3.200860214233398438e+01, 1.126799316406250000e+02, 1.672783088684082031e+01, -1.238888092041015625e+02
3.220698928833007812e+01, 1.127292251586914062e+02, 1.686636352539062500e+01, -1.234538497924804688e+02
3.252240371704101562e+01, 1.127001571655273438e+02, 1.676602363586425781e+01, -1.233099441528320312e+02
3.267814254760742188e+01, 1.127207183837890625e+02, 1.690283393859863281e+01, -1.232028121948242188e+02
3.269528198242187500e+01, 1.126747131347656250e+02, 1.708992767333984375e+01, -1.239837951660156250e+02
3.292834854125976562e+01, 1.126808395385742188e+02, 1.744502067565917969e+01, -1.237952728271484375e+02
3.302296829223632812e+01, 1.126191787719726562e+02, 1.756534957885742188e+01, -1.237779006958007812e+02
3.325748062133789062e+01, 1.126736831665039062e+02, 1.723370170593261719e+01, -1.234408874511718750e+02
3.318089675903320312e+01, 1.126136016845703125e+02, 1.705744743347167969e+01, -1.232765579223632812e+02
3.311607742309570312e+01, 1.126949081420898438e+02, 1.728104400634765625e+01, -1.235841903686523438e+02
3.336918640136718750e+01, 1.127255020141601562e+02, 1.701727104187011719e+01, -1.235651016235351562e+02
3.329483413696289062e+01, 1.126778640747070312e+02, 1.662637329101562500e+01, -1.233171005249023438e+02
3.305041122436523438e+01, 1.126764602661132812e+02, 1.681555747985839844e+01, -1.237572860717773438e+02
3.334751129150390625e+01, 1.126104354858398438e+02, 1.717669296264648438e+01, -1.233556594848632812e+02
3.344442367553710938e+01, 1.124418792724609375e+02, 1.731890869140625000e+01, -1.234502258300781250e+02
3.363906097412109375e+01, 1.125537719726562500e+02, 1.771048355102539062e+01, -1.233126373291015625e+02
3.397167205810546875e+01, 1.126923599243164062e+02, 1.738066673278808594e+01, -1.232291412353515625e+02
3.398001098632812500e+01, 1.127812652587890625e+02, 1.752282142639160156e+01, -1.231297683715820312e+02
3.397082519531250000e+01, 1.127385635375976562e+02, 1.770256996154785156e+01, -1.232496948242187500e+02
3.369888687133789062e+01, 1.126677246093750000e+02, 1.755352401733398438e+01, -1.228177185058593750e+02
3.376219177246093750e+01, 1.126097335815429688e+02, 1.744751358032226562e+01, -1.230056915283203125e+02
3.354483413696289062e+01, 1.126180953979492188e+02, 1.727050209045410156e+01, -1.232252502441406250e+02
3.337699127197265625e+01, 1.126759872436523438e+02, 1.717656135559082031e+01, -1.233586578369140625e+02
3.345734786987304688e+01, 1.126005935668945312e+02, 1.714731216430664062e+01, -1.230056915283203125e+02
3.355340194702148438e+01, 1.126010208129882812e+02, 1.691694831848144531e+01, -1.232063064575195312e+02
3.353914642333984375e+01, 1.125819854736328125e+02, 1.707028961181640625e+01, -1.230086822509765625e+02
3.370214080810546875e+01, 1.126391448974609375e+02, 1.737755775451660156e+01, -1.232418746948242188e+02
3.375317001342773438e+01, 1.126302337646484375e+02, 1.830861854553222656e+01, -1.227242050170898438e+02
3.357267379760742188e+01, 1.125072097778320312e+02, 1.835359382629394531e+01, -1.229457168579101562e+02
3.368349838256835938e+01, 1.125055160522460938e+02, 1.791103935241699219e+01, -1.230806884765625000e+02
3.362882232666015625e+01, 1.124539031982421875e+02, 1.778113174438476562e+01, -1.229435653686523438e+02
3.354521179199218750e+01, 1.124239730834960938e+02, 1.773373413085937500e+01, -1.226568984985351562e+02
3.358392333984375000e+01, 1.123081283569335938e+02, 1.827605628967285156e+01, -1.226646652221679688e+02
3.396949768066406250e+01, 1.122923431396484375e+02, 1.827198410034179688e+01, -1.223714065551757812e+02
3.435017395019531250e+01, 1.122220535278320312e+02, 1.862670707702636719e+01, -1.222562332153320312e+02
3.455164337158203125e+01, 1.122979431152343750e+02, 1.856956672668457031e+01, -1.222282485961914062e+02
3.453606414794921875e+01, 1.122533569335937500e+02, 1.887977218627929688e+01, -1.220665740966796875e+02
3.438560104370117188e+01, 1.121068954467773438e+02, 1.927590942382812500e+01, -1.221493377685546875e+02
3.433827590942382812e+01, 1.120552215576171875e+02, 1.908457374572753906e+01, -1.222973632812500000e+02
3.447922515869140625e+01, 1.119489746093750000e+02, 1.880061531066894531e+01, -1.223785705566406250e+02
3.451662445068359375e+01, 1.119258117675781250e+02, 1.911078453063964844e+01, -1.218114242553710938e+02
3.464768600463867188e+01, 1.119782180786132812e+02, 1.908503341674804688e+01, -1.214157028198242188e+02
3.450679397583007812e+01, 1.119514236450195312e+02, 1.899113845825195312e+01, -1.216044235229492188e+02
3.431722259521484375e+01, 1.120745544433593750e+02, 1.906407546997070312e+01, -1.209488754272460938e+02
3.448205184936523438e+01, 1.118971557617187500e+02, 1.974346160888671875e+01, -1.207485809326171875e+02
3.460516738891601562e+01, 1.118550643920898438e+02, 2.008983612060546875e+01, -1.205784454345703125e+02
3.475482177734375000e+01, 1.119089584350585938e+02, 2.066675758361816406e+01, -1.205484085083007812e+02
3.455284118652343750e+01, 1.119458618164062500e+02, 2.056775856018066406e+01, -1.206041412353515625e+02
3.459435653686523438e+01, 1.119625625610351562e+02, 2.059644699096679688e+01, -1.204502944946289062e+02
3.467423629760742188e+01, 1.119962539672851562e+02, 2.034856986999511719e+01, -1.205292510986328125e+02
3.492804336547851562e+01, 1.118796386718750000e+02, 2.044335937500000000e+01, -1.207320709228515625e+02
3.490170288085937500e+01, 1.119112243652343750e+02, 2.029775238037109375e+01, -1.199932174682617188e+02
3.451206588745117188e+01, 1.118539581298828125e+02, 2.023071670532226562e+01, -1.200764694213867188e+02
3.449427413940429688e+01, 1.117957458496093750e+02, 2.016899681091308594e+01, -1.203882446289062500e+02
3.494549560546875000e+01, 1.118100891113281250e+02, 2.027767562866210938e+01, -1.204687500000000000e+02
3.516391372680664062e+01, 1.118186111450195312e+02, 1.975317382812500000e+01, -1.206118927001953125e+02
3.542698669433593750e+01, 1.117098007202148438e+02, 2.032413864135742188e+01, -1.206621932983398438e+02
3.582228851318359375e+01, 1.116424942016601562e+02, 2.011166572570800781e+01, -1.200894546508789062e+02
3.589864730834960938e+01, 1.115790405273437500e+02, 2.061718940734863281e+01, -1.201818008422851562e+02
3.567178344726562500e+01, 1.113976440429687500e+02, 2.059351348876953125e+01, -1.201537246704101562e+02
3.572355651855468750e+01, 1.114583129882812500e+02, 2.091695594787597656e+01, -1.205831298828125000e+02
3.546921539306640625e+01, 1.114864730834960938e+02, 2.056753730773925781e+01, -1.203244857788085938e+02
3.544463348388671875e+01, 1.115862884521484375e+02, 2.127211761474609375e+01, -1.201051254272460938e+02
3.539025497436523438e+01, 1.114835433959960938e+02, 2.110200309753417969e+01, -1.202706222534179688e+02
3.572935867309570312e+01, 1.114656906127929688e+02, 2.083344459533691406e+01, -1.202553710937500000e+02
3.589307403564453125e+01, 1.114340591430664062e+02, 2.124556159973144531e+01, -1.200325012207031250e+02
3.603474807739257812e+01, 1.113491516113281250e+02, 2.121192359924316406e+01, -1.201176681518554688e+02
3.625263977050781250e+01, 1.114354019165039062e+02, 2.121323394775390625e+01, -1.205243988037109375e+02
3.651615142822265625e+01, 1.113726425170898438e+02, 2.148898506164550781e+01, -1.206495666503906250e+02
3.627441024780273438e+01, 1.113029098510742188e+02, 2.181240653991699219e+01, -1.200291137695312500e+02
3.649719238281250000e+01, 1.113146133422851562e+02, 2.193428421020507812e+01, -1.202774429321289062e+02
3.650673675537109375e+01, 1.111991424560546875e+02, 2.147973442077636719e+01, -1.202738952636718750e+02
3.685233688354492188e+01, 1.111113052368164062e+02, 2.198131561279296875e+01, -1.199771347045898438e+02
3.670735549926757812e+01, 1.112061080932617188e+02, 2.195090293884277344e+01, -1.200466918945312500e+02
3.676468658447265625e+01, 1.111225814819335938e+02, 2.232196426391601562e+01, -1.199516525268554688e+02
3.677898406982421875e+01, 1.111071777343750000e+02, 2.266724777221679688e+01, -1.201364898681640625e+02
3.708013534545898438e+01, 1.111172637939453125e+02, 2.311816978454589844e+01, -1.198711853027343750e+02
3.723865890502929688e+01, 1.109475936889648438e+02, 2.334689903259277344e+01, -1.195307083129882812e+02
3.723276138305664062e+01, 1.108873519897460938e+02, 2.362004661560058594e+01, -1.197585601806640625e+02
3.724163055419921875e+01, 1.108743515014648438e+02, 2.413411521911621094e+01, -1.200591278076171875e+02
3.706976699829101562e+01, 1.107872390747070312e+02, 2.443930435180664062e+01, -1.203277893066406250e+02
3.694626998901367188e+01, 1.106542129516601562e+02, 2.494969749450683594e+01, -1.205482254028320312e+02
3.696318435668945312e+01, 1.104409255981445312e+02, 2.473397636413574219e+01, -1.208585205078125000e+02
3.707855606079101562e+01, 1.103482513427734375e+02, 2.500451278686523438e+01, -1.212803726196289062e+02
3.719047927856445312e+01, 1.102532272338867188e+02, 2.498651313781738281e+01, -1.212664566040039062e+02
3.733949279785156250e+01, 1.102845840454101562e+02, 2.480386734008789062e+01, -1.213402023315429688e+02
3.716880416870117188e+01, 1.103332672119140625e+02, 2.448644447326660156e+01, -1.211695861816406250e+02
3.714649200439453125e+01, 1.101988143920898438e+02, 2.500207328796386719e+01, -1.208307571411132812e+02
3.725721359252929688e+01, 1.100712127685546875e+02, 2.531279563903808594e+01, -1.202916336059570312e+02
3.761864089965820312e+01, 1.101111831665039062e+02, 2.546090888977050781e+01, -1.200673599243164062e+02
3.753314971923828125e+01, 1.100137100219726562e+02, 2.508869361877441406e+01, -1.201094970703125000e+02
3.736026382446289062e+01, 1.098461380004882812e+02, 2.516876792907714844e+01, -1.202636184692382812e+02
3.756938171386718750e+01, 1.098617477416992188e+02, 2.554459762573242188e+01, -1.204936904907226562e+02
3.768110275268554688e+01, 1.098395080566406250e+02, 2.536921691894531250e+01, -1.201062469482421875e+02
3.740573120117187500e+01, 1.098625411987304688e+02, 2.520586776733398438e+01, -1.203809204101562500e+02
3.770156860351562500e+01, 1.098839492797851562e+02, 2.494695281982421875e+01, -1.195459823608398438e+02
3.769279098510742188e+01, 1.098662643432617188e+02, 2.453257369995117188e+01, -1.192425689697265625e+02
3.791635131835937500e+01, 1.098651046752929688e+02, 2.457510375976562500e+01, -1.196427917480468750e+02
3.791388702392578125e+01, 1.100178833007812500e+02, 2.510386276245117188e+01, -1.190346221923828125e+02
3.774599456787109375e+01, 1.100349807739257812e+02, 2.529165840148925781e+01, -1.198030853271484375e+02
3.789447402954101562e+01, 1.099994430541992188e+02, 2.493255424499511719e+01, -1.199247741699218750e+02
3.782889175415039062e+01, 1.101175765991210938e+02, 2.522222328186035156e+01, -1.202175521850585938e+02
3.794419860839843750e+01, 1.100879211425781250e+02, 2.492389869689941406e+01, -1.207402496337890625e+02
3.794375228881835938e+01, 1.099598617553710938e+02, 2.450117111206054688e+01, -1.207987823486328125e+02
3.774407196044921875e+01, 1.099567642211914062e+02, 2.496181297302246094e+01, -1.210257339477539062e+02
3.780948257446289062e+01, 1.099319000244140625e+02, 2.538673210144042969e+01, -1.208557891845703125e+02
3.796316909790039062e+01, 1.098304443359375000e+02, 2.517267036437988281e+01, -1.212882614135742188e+02
3.826066589355468750e+01, 1.097564697265625000e+02, 2.518271255493164062e+01, -1.211055297851562500e+02
3.804390716552734375e+01, 1.096943588256835938e+02, 2.520266151428222656e+01, -1.207418594360351562e+02
3.822563552856445312e+01, 1.097942199707031250e+02, 2.512644004821777344e+01, -1.214293441772460938e+02
3.808060455322265625e+01, 1.096383209228515625e+02, 2.436734580993652344e+01, -1.212601776123046875e+02
3.852462768554687500e+01, 1.095391693115234375e+02, 2.468958473205566406e+01, -1.220197296142578125e+02
3.881652832031250000e+01, 1.095606002807617188e+02, 2.484725570678710938e+01, -1.217703018188476562e+02
3.924365615844726562e+01, 1.094591522216796875e+02, 2.485938262939453125e+01, -1.219607849121093750e+02
3.906327819824218750e+01, 1.095840911865234375e+02, 2.522381591796875000e+01, -1.219656295776367188e+02
3.929135513305664062e+01, 1.096936264038085938e+02, 2.533160781860351562e+01, -1.218311767578125000e+02
3.925460433959960938e+01, 1.097614288330078125e+02, 2.545545959472656250e+01, -1.218053512573242188e+02
3.953859710693359375e+01, 1.096451950073242188e+02, 2.544298553466796875e+01, -1.219010848999023438e+02
3.985033035278320312e+01, 1.095561370849609375e+02, 2.553996276855468750e+01, -1.222404022216796875e+02
3.949014663696289062e+01, 1.095268554687500000e+02, 2.495966911315917969e+01, -1.217744293212890625e+02
3.946426010131835938e+01, 1.094622802734375000e+02, 2.495199394226074219e+01, -1.214743423461914062e+02
3.987899017333984375e+01, 1.093821411132812500e+02, 2.541691589355468750e+01, -1.212867889404296875e+02
3.979853820800781250e+01, 1.095278701782226562e+02, 2.532481575012207031e+01, -1.210898437500000000e+02
3.996193695068359375e+01, 1.094844818115234375e+02, 2.505692291259765625e+01, -1.211398162841796875e+02
4.026480484008789062e+01, 1.094995956420898438e+02, 2.504559135437011719e+01, -1.207815399169921875e+02
4.045754241943359375e+01, 1.094528808593750000e+02, 2.463415908813476562e+01, -1.205691375732421875e+02
4.037514114379882812e+01, 1.094135437011718750e+02, 2.379973411560058594e+01, -1.205867309570312500e+02
4.076455307006835938e+01, 1.094643325805664062e+02, 2.352189254760742188e+01, -1.205583038330078125e+02
4.071684265136718750e+01, 1.093753890991210938e+02, 2.384577941894531250e+01, -1.211775054931640625e+02
4.054199218750000000e+01, 1.092618789672851562e+02, 2.368291664123535156e+01, -1.208086090087890625e+02
4.052757644653320312e+01, 1.093511505126953125e+02, 2.341388511657714844e+01, -1.205791244506835938e+02
4.086837005615234375e+01, 1.093960266113281250e+02, 2.332857513427734375e+01, -1.204332733154296875e+02
4.085624694824218750e+01, 1.094062500000000000e+02, 2.360382652282714844e+01, -1.204309921264648438e+02
4.099192810058593750e+01, 1.093397903442382812e+02, 2.368559074401855469e+01, -1.207647705078125000e+02
4.133032226562500000e+01, 1.092146682739257812e+02, 2.422324180603027344e+01, -1.205778961181640625e+02
4.136378860473632812e+01, 1.091765136718750000e+02, 2.491920471191406250e+01, -1.195631484985351562e+02
4.126387405395507812e+01, 1.093082809448242188e+02, 2.436471366882324219e+01, -1.185671157836914062e+02
4.109262466430664062e+01, 1.092768707275390625e+02, 2.408719253540039062e+01, -1.179034576416015625e+02
4.147830200195312500e+01, 1.092841491699218750e+02, 2.417901229858398438e+01, -1.173261032104492188e+02
4.167354583740234375e+01, 1.091383132934570312e+02, 2.354845046997070312e+01, -1.167985992431640625e+02
4.179431915283203125e+01, 1.091312789916992188e+02, 2.372530555725097656e+01, -1.161367340087890625e+02
4.205971145629882812e+01, 1.091259307861328125e+02, 2.419229316711425781e+01, -1.157450103759765625e+02
4.220443725585937500e+01, 1.091287384033203125e+02, 2.393426322937011719e+01, -1.152045288085937500e+02
4.224560928344726562e+01, 1.091197357177734375e+02, 2.371399688720703125e+01, -1.145715789794921875e+02
4.270034027099609375e+01, 1.090169525146484375e+02, 2.340000915527343750e+01, -1.144053955078125000e+02
4.280715179443359375e+01, 1.090232086181640625e+02, 2.349268722534179688e+01, -1.135411911010742188e+02
4.289266967773437500e+01, 1.090360946655273438e+02, 2.353553199768066406e+01, -1.134187011718750000e+02
4.304222869873046875e+01, 1.089467315673828125e+02, 2.337156677246093750e+01, -1.130157470703125000e+02
4.290060424804687500e+01, 1.088757476806640625e+02, 2.366246032714843750e+01, -1.124559249877929688e+02
4.305493927001953125e+01, 1.089004592895507812e+02, 2.360031509399414062e+01, -1.121805191040039062e+02
4.305195999145507812e+01, 1.088969497680664062e+02, 2.343329429626464844e+01, -1.116528930664062500e+02
4.325137710571289062e+01, 1.089606704711914062e+02, 2.352464866638183594e+01, -1.114558639526367188e+02
4.328879165649414062e+01, 1.090274581909179688e+02, 2.328971099853515625e+01, -1.105924072265625000e+02
4.383930206298828125e+01, 1.090773544311523438e+02, 2.313450622558593750e+01, -1.100797195434570312e+02
4.382447433471679688e+01, 1.090520172119140625e+02, 2.307192230224609375e+01, -1.095361099243164062e+02
4.365496444702148438e+01, 1.092297286987304688e+02, 2.286826133728027344e+01, -1.086092910766601562e+02
4.375514602661132812e+01, 1.093141860961914062e+02, 2.272744369506835938e+01, -1.070085220336914062e+02
4.380836105346679688e+01, 1.095002899169921875e+02, 2.278787422180175781e+01, -1.064675903320312500e+02
4.401767349243164062e+01, 1.096037139892578125e+02, 2.258589363098144531e+01, -1.060265274047851562e+02
4.383843612670898438e+01, 1.095588302612304688e+02, 2.345126342773437500e+01, -1.058498001098632812e+02
4.388449096679687500e+01, 1.096810379028320312e+02, 2.297657585144042969e+01, -1.056758804321289062e+02
4.420056915283203125e+01, 1.096326522827148438e+02, 2.331179046630859375e+01, -1.054166183471679688e+02
4.453340911865234375e+01, 1.095963058471679688e+02, 2.305023193359375000e+01, -1.053431777954101562e+02
4.478062438964843750e+01, 1.097113571166992188e+02, 2.321704864501953125e+01, -1.053727416992187500e+02
4.506582641601562500e+01, 1.096643981933593750e+02, 2.342882156372070312e+01, -1.058332290649414062e+02
4.520170593261718750e+01, 1.096995086669921875e+02, 2.330076408386230469e+01, -1.059941558837890625e+02
4.547354125976562500e+01, 1.096309585571289062e+02, 2.276379203796386719e+01, -1.057368011474609375e+02
4.562755584716796875e+01, 1.096158676147460938e+02, 2.252936172485351562e+01, -1.061800537109375000e+02
4.584082794189453125e+01, 1.095909729003906250e+02, 2.234187698364257812e+01, -1.055686798095703125e+02
4.578988647460937500e+01, 1.095949020385742188e+02, 2.203502273559570312e+01, -1.054946517944335938e+02
4.611342620849609375e+01, 1.095501022338867188e+02, 2.202498626708984375e+01, -1.056467590332031250e+02
4.626453018188476562e+01, 1.096144714355468750e+02, 2.329485321044921875e+01, -1.059971160888671875e+02
4.655406188964843750e+01, 1.095471343994140625e+02, 2.324872207641601562e+01, -1.058815002441406250e+02
4.651518249511718750e+01, 1.096913757324218750e+02, 2.310801887512207031e+01, -1.056219024658203125e+02
4.639315032958984375e+01, 1.095308456420898438e+02, 2.329957008361816406e+01, -1.057651367187500000e+02
4.656873321533203125e+01, 1.094296951293945312e+02, 2.377768898010253906e+01, -1.057467117309570312e+02
4.668180084228515625e+01, 1.094351043701171875e+02, 2.338811683654785156e+01, -1.059418563842773438e+02
4.666602325439453125e+01, 1.095257415771484375e+02, 2.372303771972656250e+01, -1.058907852172851562e+02
4.719855499267578125e+01, 1.095676193237304688e+02, 2.359241485595703125e+01, -1.056119461059570312e+02
4.724871826171875000e+01, 1.096227493286132812e+02, 2.384780120849609375e+01, -1.053556976318359375e+02
4.746450042724609375e+01, 1.095041809082031250e+02, 2.394577217102050781e+01, -1.053734664916992188e+02
4.749722671508789062e+01, 1.095943222045898438e+02, 2.403185081481933594e+01, -1.053882598876953125e+02
4.758497238159179688e+01, 1.093584289550781250e+02, 2.389318275451660156e+01, -1.055045013427734375e+02
4.755982589721679688e+01, 1.094252395629882812e+02, 2.291864967346191406e+01, -1.060047225952148438e+02
4.765479660034179688e+01, 1.094233627319335938e+02, 2.321418190002441406e+01, -1.064006195068359375e+02
4.775383758544921875e+01, 1.093436279296875000e+02, 2.316586685180664062e+01, -1.060970306396484375e+02
4.762421035766601562e+01, 1.093598785400390625e+02, 2.353191375732421875e+01, -1.057876663208007812e+02
4.770499038696289062e+01, 1.093358383178710938e+02, 2.337853622436523438e+01, -1.055421524047851562e+02
4.770433425903320312e+01, 1.092605133056640625e+02, 2.322960472106933594e+01, -1.053081588745117188e+02
4.777751541137695312e+01, 1.092398376464843750e+02, 2.361597442626953125e+01, -1.053699493408203125e+02
4.803619766235351562e+01, 1.093305282592773438e+02, 2.223589897155761719e+01, -1.048997344970703125e+02
4.828760528564453125e+01, 1.093479766845703125e+02, 2.229536056518554688e+01, -1.052618484497070312e+02
4.840053176879882812e+01, 1.093266448974609375e+02, 2.260310173034667969e+01, -1.055197372436523438e+02
4.865822601318359375e+01, 1.092695846557617188e+02, 2.269729423522949219e+01, -1.052643432617187500e+02
4.867921829223632812e+01, 1.092842636108398438e+02, 2.260967636108398438e+01, -1.052129745483398438e+02
4.853158187866210938e+01, 1.091866912841796875e+02, 2.245015335083007812e+01, -1.045297470092773438e+02
4.851678848266601562e+01, 1.090863952636718750e+02, 2.280870437622070312e+01, -1.050767517089843750e+02
4.835219573974609375e+01, 1.090287170410156250e+02, 2.235984802246093750e+01, -1.058675079345703125e+02
4.884146881103515625e+01, 1.090846862792968750e+02, 2.245786857604980469e+01, -1.058367233276367188e+02
4.892882537841796875e+01, 1.090649185180664062e+02, 2.206609153747558594e+01, -1.061847686767578125e+02
4.901623916625976562e+01, 1.091342926025390625e+02, 2.217121505737304688e+01, -1.064507217407226562e+02
4.914562225341796875e+01, 1.091341781616210938e+02, 2.220024681091308594e+01, -1.062697753906250000e+02
4.945160675048828125e+01, 1.089292449951171875e+02, 2.217718124389648438e+01, -1.061430053710937500e+02
4.969805908203125000e+01, 1.089086456298828125e+02, 2.193444252014160156e+01, -1.062630538940429688e+02
4.965686798095703125e+01, 1.088889389038085938e+02, 2.185339355468750000e+01, -1.063393173217773438e+02
4.973645019531250000e+01, 1.089221649169921875e+02, 2.217487907409667969e+01, -1.062787475585937500e+02
4.970977020263671875e+01, 1.088462371826171875e+02, 2.196819305419921875e+01, -1.068951568603515625e+02
4.929900360107421875e+01, 1.087349014282226562e+02, 2.169070053100585938e+01, -1.073748245239257812e+02
4.932229995727539062e+01, 1.086827087402343750e+02, 2.170240783691406250e+01, -1.080137786865234375e+02
4.943189239501953125e+01, 1.086926116943359375e+02, 2.133572006225585938e+01, -1.078587875366210938e+02
4.914613723754882812e+01, 1.085158538818359375e+02, 2.091624259948730469e+01, -1.079168548583984375e+02
4.932707214355468750e+01, 1.085423965454101562e+02, 2.070066261291503906e+01, -1.078428115844726562e+02
4.948191833496093750e+01, 1.083804855346679688e+02, 2.035895347595214844e+01, -1.083653869628906250e+02
4.949293899536132812e+01, 1.084668884277343750e+02, 2.019768524169921875e+01, -1.087246780395507812e+02
4.961979293823242188e+01, 1.083085937500000000e+02, 2.008620262145996094e+01, -1.085073699951171875e+02
5.007014846801757812e+01, 1.082569198608398438e+02, 1.974048233032226562e+01, -1.091001815795898438e+02
5.000717163085937500e+01, 1.082498931884765625e+02, 1.947236251831054688e+01, -1.094011077880859375e+02
5.019693374633789062e+01, 1.082906112670898438e+02, 1.960164642333984375e+01, -1.093442840576171875e+02
5.039195632934570312e+01, 1.082054367065429688e+02, 1.963307762145996094e+01, -1.092084579467773438e+02
5.062744903564453125e+01, 1.081097564697265625e+02, 1.968615913391113281e+01, -1.091606445312500000e+02
5.064001464843750000e+01, 1.081299209594726562e+02, 2.009685516357421875e+01, -1.089690704345703125e+02
5.075267410278320312e+01, 1.080885391235351562e+02, 2.038872718811035156e+01, -1.085264282226562500e+02
5.060446166992187500e+01, 1.080087661743164062e+02, 2.024359321594238281e+01, -1.086334381103515625e+02
5.080607986450195312e+01, 1.079553833007812500e+02, 2.053725814819335938e+01, -1.082585601806640625e+02
5.071954727172851562e+01, 1.079622726440429688e+02, 2.102395439147949219e+01, -1.076944961547851562e+02
5.093503570556640625e+01, 1.078191375732421875e+02, 2.074858474731445312e+01, -1.073665161132812500e+02
5.140605926513671875e+01, 1.078294067382812500e+02, 2.058164978027343750e+01, -1.071850509643554688e+02
5.135259246826171875e+01, 1.078690643310546875e+02, 2.055854415893554688e+01, -1.068359222412109375e+02
5.163655853271484375e+01, 1.078119735717773438e+02, 2.061878395080566406e+01, -1.063401260375976562e+02
5.205118560791015625e+01, 1.078118286132812500e+02, 2.126325798034667969e+01, -1.065333786010742188e+02
5.205994796752929688e+01, 1.078348236083984375e+02, 2.063574028015136719e+01, -1.066892852783203125e+02
5.199402618408203125e+01, 1.076961288452148438e+02, 2.104707908630371094e+01, -1.073168716430664062e+02
5.187524795532226562e+01, 1.077315750122070312e+02, 2.018055915832519531e+01, -1.075984268188476562e+02
5.195211791992187500e+01, 1.078416900634765625e+02, 2.002821350097656250e+01, -1.079740295410156250e+02
5.183074951171875000e+01, 1.078275299072265625e+02, 1.984801673889160156e+01, -1.080216522216796875e+02
5.207238006591796875e+01, 1.078152618408203125e+02, 1.963481140136718750e+01, -1.077320327758789062e+02
5.179797744750976562e+01, 1.078002700805664062e+02, 1.960917472839355469e+01, -1.081297454833984375e+02
5.192863464355468750e+01, 1.077819747924804688e+02, 1.941206550598144531e+01, -1.082887268066406250e+02
5.172854232788085938e+01, 1.078166351318359375e+02, 1.969077682495117188e+01, -1.081543350219726562e+02
5.163224029541015625e+01, 1.077845535278320312e+02, 1.968167114257812500e+01, -1.079487152099609375e+02
5.170610046386718750e+01, 1.077058486938476562e+02, 1.958068656921386719e+01, -1.078095550537109375e+02
5.181309127807617188e+01, 1.076481628417968750e+02, 1.955654716491699219e+01, -1.074745559692382812e+02
5.154310226440429688e+01, 1.076301803588867188e+02, 2.007491302490234375e+01, -1.072269592285156250e+02
5.165390777587890625e+01, 1.076350784301757812e+02, 2.034204101562500000e+01, -1.070377426147460938e+02
5.184004974365234375e+01, 1.077531814575195312e+02, 2.006674957275390625e+01, -1.075812683105468750e+02
5.215513610839843750e+01, 1.077238998413085938e+02, 1.929725646972656250e+01, -1.071908798217773438e+02
5.224228286743164062e+01, 1.077449111938476562e+02, 1.898684310913085938e+01, -1.077239456176757812e+02
5.287837982177734375e+01, 1.076552581787109375e+02, 1.926115608215332031e+01, -1.076200103759765625e+02
5.301948928833007812e+01, 1.076043930053710938e+02, 1.879363059997558594e+01, -1.076146926879882812e+02
5.303125762939453125e+01, 1.076861572265625000e+02, 1.865305137634277344e+01, -1.075926895141601562e+02
5.332976150512695312e+01, 1.076328582763671875e+02, 1.861862945556640625e+01, -1.081979675292968750e+02
5.380670547485351562e+01, 1.075548171997070312e+02, 1.887365722656250000e+01, -1.085117874145507812e+02
5.380626678466796875e+01, 1.074255447387695312e+02, 1.885972595214843750e+01, -1.088623962402343750e+02
5.400442504882812500e+01, 1.073741149902343750e+02, 1.895969009399414062e+01, -1.086920471191406250e+02
5.409912872314453125e+01, 1.071657714843750000e+02, 1.907237243652343750e+01, -1.088609008789062500e+02
5.401725769042968750e+01, 1.070794601440429688e+02, 1.838894271850585938e+01, -1.082333908081054688e+02
5.409943008422851562e+01, 1.070761413574218750e+02, 1.832962226867675781e+01, -1.081745147705078125e+02
5.415430831909179688e+01, 1.070790863037109375e+02, 1.883341789245605469e+01, -1.078223876953125000e+02
5.430131149291992188e+01, 1.070588684082031250e+02, 1.862730598449707031e+01, -1.079525527954101562e+02
5.430777740478515625e+01, 1.070910491943359375e+02, 1.895618057250976562e+01, -1.079620361328125000e+02
5.419974136352539062e+01, 1.070256729125976562e+02, 1.908175659179687500e+01, -1.080204772949218750e+02
5.444348907470703125e+01, 1.069685974121093750e+02, 1.905953598022460938e+01, -1.079055252075195312e+02
5.476349258422851562e+01, 1.069665756225585938e+02, 1.979840087890625000e+01, -1.081711273193359375e+02
5.481973266601562500e+01, 1.069724502563476562e+02, 1.991818428039550781e+01, -1.083641128540039062e+02
5.498646163940429688e+01, 1.069771041870117188e+02, 1.988620185852050781e+01, -1.082554397583007812e+02
5.472453308105468750e+01, 1.068690414428710938e+02, 2.014326858520507812e+01, -1.083844833374023438e+02
5.467614364624023438e+01, 1.067832412719726562e+02, 2.044528007507324219e+01, -1.083294372558593750e+02
5.478862380981445312e+01, 1.068398513793945312e+02, 2.051428985595703125e+01, -1.086666336059570312e+02
5.471564865112304688e+01, 1.067345962524414062e+02, 2.084595298767089844e+01, -1.086981201171875000e+02
5.509547424316406250e+01, 1.065671234130859375e+02, 2.065329360961914062e+01, -1.085875854492187500e+02
5.509340667724609375e+01, 1.065360336303710938e+02, 2.087920188903808594e+01, -1.085448837280273438e+02
5.552016067504882812e+01, 1.064602279663085938e+02, 2.081302833557128906e+01, -1.092070465087890625e+02
5.576316070556640625e+01, 1.065137786865234375e+02, 2.074155616760253906e+01, -1.098251953125000000e+02
5.542197418212890625e+01, 1.064845962524414062e+02, 2.092663002014160156e+01, -1.098856353759765625e+02
5.549014663696289062e+01, 1.065259933471679688e+02, 2.120307731628417969e+01, -1.093251953125000000e+02
5.545116806030273438e+01, 1.065448074340820312e+02, 2.128667449951171875e+01, -1.089893951416015625e+02
5.539541244506835938e+01, 1.063827285766601562e+02, 2.130027008056640625e+01, -1.093423690795898438e+02
5.566861724853515625e+01, 1.063334121704101562e+02, 2.128939819335937500e+01, -1.096231842041015625e+02
5.564515686035156250e+01, 1.063802642822265625e+02, 2.125270271301269531e+01, -1.097372512817382812e+02
5.560293960571289062e+01, 1.063848724365234375e+02, 2.113122940063476562e+01, -1.090463485717773438e+02
5.555560684204101562e+01, 1.062653503417968750e+02, 2.094269371032714844e+01, -1.091119232177734375e+02
5.554039764404296875e+01, 1.062765960693359375e+02, 2.119092559814453125e+01, -1.099994735717773438e+02
5.566796112060546875e+01, 1.063517532348632812e+02, 2.075043869018554688e+01, -1.100267181396484375e+02
5.558572387695312500e+01, 1.062331085205078125e+02, 2.035420608520507812e+01, -1.099985122680664062e+02
5.576250457763671875e+01, 1.060893402099609375e+02, 2.031121826171875000e+01, -1.094849014282226562e+02
5.587823867797851562e+01, 1.060788269042968750e+02, 2.006117439270019531e+01, -1.092244186401367188e+02
5.607329940795898438e+01, 1.060380172729492188e+02, 1.961610221862792969e+01, -1.090041580200195312e+02
5.610944747924804688e+01, 1.059214782714843750e+02, 1.945406723022460938e+01, -1.089843063354492188e+02
5.635321044921875000e+01, 1.058597793579101562e+02, 1.954112625122070312e+01, -1.088825988769531250e+02
5.623831176757812500e+01, 1.058646163940429688e+02, 1.957717132568359375e+01, -1.092406997680664062e+02
5.600862884521484375e+01, 1.057622833251953125e+02, 1.927033805847167969e+01, -1.089624710083007812e+02
5.618388748168945312e+01, 1.057313156127929688e+02, 1.923578643798828125e+01, -1.091890106201171875e+02
5.646593475341796875e+01, 1.057638549804687500e+02, 1.941734695434570312e+01, -1.091722946166992188e+02
5.649741744995117188e+01, 1.057435379028320312e+02, 1.920438003540039062e+01, -1.096355209350585938e+02
5.668003845214843750e+01, 1.056465377807617188e+02, 1.824654197692871094e+01, -1.098442001342773438e+02
5.688916015625000000e+01, 1.055392837524414062e+02, 1.830504798889160156e+01, -1.096123733520507812e+02
5.703786468505859375e+01, 1.054904556274414062e+02, 1.843843650817871094e+01, -1.098984985351562500e+02
5.705564117431640625e+01, 1.054782943725585938e+02, 1.824625015258789062e+01, -1.096909790039062500e+02
5.714447021484375000e+01, 1.052528076171875000e+02, 1.842818069458007812e+01, -1.101056976318359375e+02
5.758671188354492188e+01, 1.052544631958007812e+02, 1.870082664489746094e+01, -1.104080581665039062e+02
5.758430480957031250e+01, 1.051631774902343750e+02, 1.855921554565429688e+01, -1.106588821411132812e+02
5.741428756713867188e+01, 1.052092742919921875e+02, 1.842758369445800781e+01, -1.108782043457031250e+02
5.778253936767578125e+01, 1.050770187377929688e+02, 1.869366645812988281e+01, -1.110242691040039062e+02
5.802817153930664062e+01, 1.049083557128906250e+02, 1.863715744018554688e+01, -1.112196044921875000e+02
5.829825592041015625e+01, 1.048825988769531250e+02, 1.916331863403320312e+01, -1.107447128295898438e+02
5.856869125366210938e+01, 1.048358688354492188e+02, 1.905832862854003906e+01, -1.109134216308593750e+02
5.854357528686523438e+01, 1.048460083007812500e+02, 1.922361946105957031e+01, -1.106818161010742188e+02
5.843323898315429688e+01, 1.048171539306640625e+02, 1.893202018737792969e+01, -1.110059280395507812e+02
5.828220367431640625e+01, 1.048207931518554688e+02, 1.887388610839843750e+01, -1.108283538818359375e+02
5.835110092163085938e+01, 1.048028717041015625e+02, 1.898408699035644531e+01, -1.106143341064453125e+02
5.858510208129882812e+01, 1.047406768798828125e+02, 1.885566902160644531e+01, -1.106906814575195312e+02
5.885059738159179688e+01, 1.047661361694335938e+02, 1.891905784606933594e+01, -1.106062927246093750e+02
5.893431854248046875e+01, 1.046983795166015625e+02, 1.865165901184082031e+01, -1.108017349243164062e+02
5.913138961791992188e+01, 1.047788772583007812e+02, 1.834872055053710938e+01, -1.108241043090820312e+02
5.899319076538085938e+01, 1.047781677246093750e+02, 1.846480369567871094e+01, -1.112706298828125000e+02
5.900136566162109375e+01, 1.046836013793945312e+02, 1.834370994567871094e+01, -1.113029098510742188e+02
5.903401184082031250e+01, 1.046827545166015625e+02, 1.832646942138671875e+01, -1.114203720092773438e+02
5.918488693237304688e+01, 1.046086502075195312e+02, 1.875535011291503906e+01, -1.110222854614257812e+02
5.916617965698242188e+01, 1.047506637573242188e+02, 1.913734817504882812e+01, -1.111865310668945312e+02
5.907570648193359375e+01, 1.047650375366210938e+02, 1.923470687866210938e+01, -1.109750137329101562e+02
5.923308944702148438e+01, 1.046668243408203125e+02, 1.936952400207519531e+01, -1.113246841430664062e+02
5.915990066528320312e+01, 1.047175674438476562e+02, 1.961998748779296875e+01, -1.115610046386718750e+02
5.958266830444335938e+01, 1.047650604248046875e+02, 2.016035079956054688e+01, -1.116294097900390625e+02
5.979048538208007812e+01, 1.047649459838867188e+02, 1.927397918701171875e+01, -1.113791732788085938e+02
5.959421157836914062e+01, 1.047441024780273438e+02, 1.914304351806640625e+01, -1.108211288452148438e+02
6.006772613525390625e+01, 1.047351531982421875e+02, 1.914818572998046875e+01, -1.112694549560546875e+02
6.005374145507812500e+01, 1.047637252807617188e+02, 1.874432373046875000e+01, -1.111448822021484375e+02
6.044834136962890625e+01, 1.046803817749023438e+02, 1.953468513488769531e+01, -1.112199630737304688e+02
6.047335433959960938e+01, 1.046880416870117188e+02, 1.954669570922851562e+01, -1.112139053344726562e+02
6.049262619018554688e+01, 1.045501403808593750e+02, 1.911748504638671875e+01, -1.110884552001953125e+02
6.073329162597656250e+01, 1.044442062377929688e+02, 1.899940490722656250e+01, -1.110560073852539062e+02
6.090349960327148438e+01, 1.044319000244140625e+02, 1.968177223205566406e+01, -1.108604507446289062e+02
6.088702011108398438e+01, 1.043188781738281250e+02, 1.947831535339355469e+01, -1.110774078369140625e+02
6.107786941528320312e+01, 1.043537979125976562e+02, 1.997346305847167969e+01, -1.109238967895507812e+02
6.141125106811523438e+01, 1.042348861694335938e+02, 1.985515213012695312e+01, -1.115687332153320312e+02
6.136415863037109375e+01, 1.042020416259765625e+02, 1.985237503051757812e+01, -1.119254989624023438e+02
6.136923217773437500e+01, 1.040802612304687500e+02, 1.968201446533203125e+01, -1.118895492553710938e+02
6.106071472167968750e+01, 1.041747589111328125e+02, 1.952170181274414062e+01, -1.125152816772460938e+02
6.123896026611328125e+01, 1.042051849365234375e+02, 1.948066711425781250e+01, -1.121610870361328125e+02
6.137831878662109375e+01, 1.042087631225585938e+02, 1.909720802307128906e+01, -1.120767593383789062e+02
6.159748077392578125e+01, 1.041582641601562500e+02, 1.854262924194335938e+01, -1.117869644165039062e+02
6.179631423950195312e+01, 1.042007369995117188e+02, 1.882886695861816406e+01, -1.125109863281250000e+02
6.188790893554687500e+01, 1.041902008056640625e+02, 1.876832389831542969e+01, -1.124299392700195312e+02
6.161018371582031250e+01, 1.041705169677734375e+02, 1.880574417114257812e+01, -1.125451965332031250e+02
6.172686767578125000e+01, 1.042084121704101562e+02, 1.901302719116210938e+01, -1.129690475463867188e+02
6.166660690307617188e+01, 1.041853866577148438e+02, 1.912250137329101562e+01, -1.126712646484375000e+02
6.142389678955078125e+01, 1.040229797363281250e+02, 1.936411666870117188e+01, -1.129121627807617188e+02
6.140596771240234375e+01, 1.039789733886718750e+02, 1.956257820129394531e+01, -1.128056182861328125e+02
6.181047058105468750e+01, 1.039708023071289062e+02, 1.971954727172851562e+01, -1.128311843872070312e+02
6.202892303466796875e+01, 1.038084945678710938e+02, 1.950153732299804688e+01, -1.130845413208007812e+02
6.211173629760742188e+01, 1.038079986572265625e+02, 1.989268302917480469e+01, -1.131935195922851562e+02
6.200958633422851562e+01, 1.038632736206054688e+02, 1.983626174926757812e+01, -1.135272750854492188e+02
6.211328506469726562e+01, 1.037930603027343750e+02, 2.004150199890136719e+01, -1.136308975219726562e+02
6.211477661132812500e+01, 1.037739181518554688e+02, 2.014752388000488281e+01, -1.136018066406250000e+02
6.218948364257812500e+01, 1.035727615356445312e+02, 2.034009361267089844e+01, -1.133021774291992188e+02
6.234746932983398438e+01, 1.035437469482421875e+02, 2.015949630737304688e+01, -1.138042449951171875e+02
6.248511886596679688e+01, 1.036594467163085938e+02, 2.038103675842285156e+01, -1.137697372436523438e+02
6.255939865112304688e+01, 1.038668441772460938e+02, 2.044814109802246094e+01, -1.136041488647460938e+02
6.258702087402343750e+01, 1.037408218383789062e+02, 2.038435363769531250e+01, -1.138931655883789062e+02
6.260855102539062500e+01, 1.037961349487304688e+02, 2.062656211853027344e+01, -1.142515182495117188e+02
6.244775009155273438e+01, 1.036817932128906250e+02, 2.051968765258789062e+01, -1.141515045166015625e+02
6.252916717529296875e+01, 1.036653442382812500e+02, 2.056554603576660156e+01, -1.139634170532226562e+02
6.275162506103515625e+01, 1.035554351806640625e+02, 2.062319564819335938e+01, -1.139352798461914062e+02
6.294239425659179688e+01, 1.035164947509765625e+02, 2.095112991333007812e+01, -1.138089752197265625e+02
6.307432556152343750e+01, 1.035384674072265625e+02, 2.092449569702148438e+01, -1.142961578369140625e+02
6.315977096557617188e+01, 1.035327377319335938e+02, 2.137598228454589844e+01, -1.145146942138671875e+02
6.334954071044921875e+01, 1.035865554809570312e+02, 2.127739334106445312e+01, -1.141930847167968750e+02
6.347150802612304688e+01, 1.035599060058593750e+02, 2.119436836242675781e+01, -1.147908401489257812e+02
6.368666076660156250e+01, 1.034962387084960938e+02, 2.105234336853027344e+01, -1.150007705688476562e+02
6.375228881835937500e+01, 1.035980072021484375e+02, 2.072394180297851562e+01, -1.146591796875000000e+02
6.384013748168945312e+01, 1.035299453735351562e+02, 2.064585304260253906e+01, -1.144756469726562500e+02
6.395630264282226562e+01, 1.035395355224609375e+02, 2.068560218811035156e+01, -1.145890655517578125e+02
6.429720306396484375e+01, 1.035786285400390625e+02, 2.048227882385253906e+01, -1.146910705566406250e+02
6.434502410888671875e+01, 1.034376907348632812e+02, 2.103595542907714844e+01, -1.144405212402343750e+02
6.424998474121093750e+01, 1.034725189208984375e+02, 2.115291976928710938e+01, -1.144043807983398438e+02
6.380143356323242188e+01, 1.033976135253906250e+02, 2.131216430664062500e+01, -1.141245803833007812e+02
6.398416137695312500e+01, 1.032930450439453125e+02, 2.123898506164550781e+01, -1.142105865478515625e+02
6.431578826904296875e+01, 1.032317733764648438e+02, 2.087830162048339844e+01, -1.138200607299804688e+02
6.463134765625000000e+01, 1.031696853637695312e+02, 2.117165946960449219e+01, -1.138429183959960938e+02
6.469464111328125000e+01, 1.030937576293945312e+02, 2.108777809143066406e+01, -1.136038665771484375e+02
6.466466522216796875e+01, 1.030976791381835938e+02, 2.160964012145996094e+01, -1.141478652954101562e+02
6.492019653320312500e+01, 1.030570220947265625e+02, 2.166292953491210938e+01, -1.143626098632812500e+02
6.471294403076171875e+01, 1.030487136840820312e+02, 2.133065223693847656e+01, -1.142036590576171875e+02
6.455133056640625000e+01, 1.029734268188476562e+02, 2.088195991516113281e+01, -1.146952819824218750e+02
6.475336456298828125e+01, 1.031163177490234375e+02, 2.096860504150390625e+01, -1.152378463745117188e+02
6.472837066650390625e+01, 1.029947357177734375e+02, 2.124466514587402344e+01, -1.157487792968750000e+02
6.477594757080078125e+01, 1.027723159790039062e+02, 2.114864349365234375e+01, -1.152911758422851562e+02
6.472025299072265625e+01, 1.027516937255859375e+02, 2.127569389343261719e+01, -1.153959350585937500e+02
6.492002105712890625e+01, 1.027010498046875000e+02, 2.075158309936523438e+01, -1.156048812866210938e+02
6.503726196289062500e+01, 1.025317611694335938e+02, 2.050831604003906250e+01, -1.156237106323242188e+02
6.499697113037109375e+01, 1.023198928833007812e+02, 2.024150276184082031e+01, -1.156394119262695312e+02
6.483333587646484375e+01, 1.024520263671875000e+02, 2.054214286804199219e+01, -1.159320526123046875e+02
6.504406738281250000e+01, 1.023891906738281250e+02, 2.101004981994628906e+01, -1.160274429321289062e+02
6.519027709960937500e+01, 1.025153961181640625e+02, 2.106815910339355469e+01, -1.159075775146484375e+02
6.515934753417968750e+01, 1.024584884643554688e+02, 2.083028793334960938e+01, -1.153466491699218750e+02
6.514759826660156250e+01, 1.025157623291015625e+02, 2.083783721923828125e+01, -1.154576187133789062e+02
6.524975585937500000e+01, 1.025223236083984375e+02, 2.071002960205078125e+01, -1.160655288696289062e+02
6.557685852050781250e+01, 1.023873062133789062e+02, 2.060913276672363281e+01, -1.157111511230468750e+02
6.581462097167968750e+01, 1.024673004150390625e+02, 2.000369453430175781e+01, -1.156511611938476562e+02
6.569912719726562500e+01, 1.022883682250976562e+02, 2.016403579711914062e+01, -1.156214447021484375e+02
6.567793273925781250e+01, 1.023912506103515625e+02, 2.021486854553222656e+01, -1.154035263061523438e+02
6.578250885009765625e+01, 1.024045181274414062e+02, 1.965958023071289062e+01, -1.151952667236328125e+02
6.599851989746093750e+01, 1.023332366943359375e+02, 1.949761962890625000e+01, -1.148971176147460938e+02
6.608615112304687500e+01, 1.023188629150390625e+02, 1.915707015991210938e+01, -1.146200866699218750e+02
6.629054260253906250e+01, 1.023442001342773438e+02, 1.901142501831054688e+01, -1.145558547973632812e+02
6.662811279296875000e+01, 1.022296981811523438e+02, 1.936841964721679688e+01, -1.141747283935546875e+02
6.649238586425781250e+01, 1.021902999877929688e+02, 1.972091293334960938e+01, -1.143557357788085938e+02
6.660603332519531250e+01, 1.021573944091796875e+02, 1.970181846618652344e+01, -1.143130111694335938e+02
6.676876831054687500e+01, 1.022917098999023438e+02, 2.005125427246093750e+01, -1.145136795043945312e+02
6.674622344970703125e+01, 1.021891098022460938e+02, 1.993203163146972656e+01, -1.144109878540039062e+02
6.688379669189453125e+01, 1.020221481323242188e+02, 1.992027473449707031e+01, -1.141498565673828125e+02
6.718231964111328125e+01, 1.019835815429687500e+02, 1.991355705261230469e+01, -1.145557556152343750e+02
6.746076202392578125e+01, 1.018932952880859375e+02, 1.979700088500976562e+01, -1.146175765991210938e+02
6.755809783935546875e+01, 1.018572158813476562e+02, 1.944509315490722656e+01, -1.147580184936523438e+02
6.779164886474609375e+01, 1.017714538574218750e+02, 1.984996414184570312e+01, -1.147689285278320312e+02
6.785101318359375000e+01, 1.017086486816406250e+02, 1.986563873291015625e+01, -1.146148223876953125e+02
6.775363159179687500e+01, 1.016494522094726562e+02, 1.950599670410156250e+01, -1.147636260986328125e+02
6.764892578125000000e+01, 1.016319732666015625e+02, 1.920303726196289062e+01, -1.150295715332031250e+02
6.765731811523437500e+01, 1.015800552368164062e+02, 1.966407012939453125e+01, -1.155065231323242188e+02
6.801819610595703125e+01, 1.015046081542968750e+02, 1.948579216003417969e+01, -1.159328460693359375e+02
6.832304382324218750e+01, 1.014556350708007812e+02, 1.935883712768554688e+01, -1.159665451049804688e+02
6.826084899902343750e+01, 1.013351898193359375e+02, 1.969096755981445312e+01, -1.163381576538085938e+02
6.836077117919921875e+01, 1.013733596801757812e+02, 1.957414627075195312e+01, -1.163215103149414062e+02
6.861956024169921875e+01, 1.012963790893554688e+02, 1.974406433105468750e+01, -1.165595932006835938e+02
6.879263305664062500e+01, 1.013100585937500000e+02, 1.892339706420898438e+01, -1.167879562377929688e+02
6.889711761474609375e+01, 1.011987304687500000e+02, 1.879235076904296875e+01, -1.169273529052734375e+02
6.858605194091796875e+01, 1.011912994384765625e+02, 1.864848899841308594e+01, -1.170122070312500000e+02
6.852030944824218750e+01, 1.011492614746093750e+02, 1.836121559143066406e+01, -1.170584716796875000e+02
6.879587554931640625e+01, 1.009667816162109375e+02, 1.923754119873046875e+01, -1.171847457885742188e+02
6.881399536132812500e+01, 1.008897171020507812e+02, 1.925511741638183594e+01, -1.172338638305664062e+02
6.893512725830078125e+01, 1.008740997314453125e+02, 2.009652900695800781e+01, -1.168379821777343750e+02
6.921126556396484375e+01, 1.007765884399414062e+02, 2.031137847900390625e+01, -1.165276412963867188e+02
6.937712097167968750e+01, 1.006862411499023438e+02, 2.037251091003417969e+01, -1.165627059936523438e+02
6.939052581787109375e+01, 1.005733108520507812e+02, 2.047764205932617188e+01, -1.161474456787109375e+02
6.965927886962890625e+01, 1.005492706298828125e+02, 2.080469894409179688e+01, -1.162609634399414062e+02
6.976622009277343750e+01, 1.003764190673828125e+02, 2.061072158813476562e+01, -1.161375885009765625e+02
6.969365692138671875e+01, 1.003923110961914062e+02, 2.059254264831542969e+01, -1.161775665283203125e+02
6.945896911621093750e+01, 1.001892395019531250e+02, 2.062206268310546875e+01, -1.156277465820312500e+02
6.938251495361328125e+01, 1.000764770507812500e+02, 2.083484649658203125e+01, -1.154924011230468750e+02
6.936457824707031250e+01, 9.991870117187500000e+01, 2.065828704833984375e+01, -1.154496154785156250e+02
6.933054351806640625e+01, 9.970311737060546875e+01, 2.090789222717285156e+01, -1.158248672485351562e+02
6.945581817626953125e+01, 9.957243347167968750e+01, 2.115358352661132812e+01, -1.158268585205078125e+02
7.013475799560546875e+01, 9.937626647949218750e+01, 2.134546089172363281e+01, -1.157462844848632812e+02
7.069207000732421875e+01, 9.937771606445312500e+01, 2.078263282775878906e+01, -1.157500762939453125e+02
7.098509979248046875e+01, 9.929402923583984375e+01, 2.042137908935546875e+01, -1.163214111328125000e+02
7.121402740478515625e+01, 9.924127960205078125e+01, 2.044085502624511719e+01, -1.162270202636718750e+02
7.116726684570312500e+01, 9.923789978027343750e+01, 2.029001808166503906e+01, -1.157564086914062500e+02
7.128578948974609375e+01, 9.916278076171875000e+01, 2.027709197998046875e+01, -1.155734863281250000e+02
7.111853027343750000e+01, 9.905245971679687500e+01, 2.033359718322753906e+01, -1.148546218872070312e+02
7.128764343261718750e+01, 9.904959106445312500e+01, 1.987498092651367188e+01, -1.152004089355468750e+02
7.161550903320312500e+01, 9.910009765625000000e+01, 1.971087455749511719e+01, -1.151534729003906250e+02
7.169757080078125000e+01, 9.924826812744140625e+01, 1.990318679809570312e+01, -1.146562194824218750e+02
7.173382568359375000e+01, 9.906048583984375000e+01, 1.994181442260742188e+01, -1.146455688476562500e+02
7.180035400390625000e+01, 9.911757659912109375e+01, 2.007509231567382812e+01, -1.146533203125000000e+02
7.177111053466796875e+01, 9.913916015625000000e+01, 2.012846565246582031e+01, -1.146249008178710938e+02
7.189639282226562500e+01, 9.909947967529296875e+01, 2.042875099182128906e+01, -1.142158203125000000e+02
7.206076049804687500e+01, 9.891036987304687500e+01, 2.047984695434570312e+01, -1.142262649536132812e+02
7.223822021484375000e+01, 9.886006927490234375e+01, 2.059308052062988281e+01, -1.139259643554687500e+02
7.247236633300781250e+01, 9.878099822998046875e+01, 2.044607925415039062e+01, -1.138333053588867188e+02
7.272210693359375000e+01, 9.870741271972656250e+01, 2.076953887939453125e+01, -1.138792648315429688e+02
7.268160247802734375e+01, 9.867909240722656250e+01, 2.130364608764648438e+01, -1.133091964721679688e+02
7.261506652832031250e+01, 9.853536224365234375e+01, 2.074981689453125000e+01, -1.132976837158203125e+02
7.286834716796875000e+01, 9.842789459228515625e+01, 2.094411277770996094e+01, -1.130997314453125000e+02
7.298148345947265625e+01, 9.844296264648437500e+01, 2.097646141052246094e+01, -1.128978195190429688e+02
7.312055969238281250e+01, 9.846389770507812500e+01, 2.131135559082031250e+01, -1.128822021484375000e+02
7.340353393554687500e+01, 9.838127136230468750e+01, 2.126914978027343750e+01, -1.127933578491210938e+02
7.340959167480468750e+01, 9.841838836669921875e+01, 2.089723205566406250e+01, -1.133083267211914062e+02
7.322595214843750000e+01, 9.839738464355468750e+01, 2.087353515625000000e+01, -1.133182754516601562e+02
7.338946533203125000e+01, 9.846515655517578125e+01, 2.073357772827148438e+01, -1.131750946044921875e+02
7.352175140380859375e+01, 9.844721984863281250e+01, 2.092237663269042969e+01, -1.136760101318359375e+02
7.332630920410156250e+01, 9.827296447753906250e+01, 2.112071228027343750e+01, -1.141256103515625000e+02
7.362021636962890625e+01, 9.821120452880859375e+01, 2.070701408386230469e+01, -1.140969238281250000e+02
7.351945495605468750e+01, 9.817784118652343750e+01, 2.034226036071777344e+01, -1.142451248168945312e+02
7.370124816894531250e+01, 9.803878021240234375e+01, 2.035353088378906250e+01, -1.147342300415039062e+02
7.396762084960937500e+01, 9.794247436523437500e+01, 2.011083602905273438e+01, -1.144279174804687500e+02
7.425603485107421875e+01, 9.794343566894531250e+01, 2.029151535034179688e+01, -1.142275772094726562e+02
7.436988067626953125e+01, 9.778808593750000000e+01, 2.019325447082519531e+01, -1.141588439941406250e+02
7.467333984375000000e+01, 9.788457489013671875e+01, 2.040206146240234375e+01, -1.142887191772460938e+02
7.462564849853515625e+01, 9.779199981689453125e+01, 2.041977500915527344e+01, -1.141699600219726562e+02
7.469261932373046875e+01, 9.770607757568359375e+01, 2.099189567565917969e+01, -1.139798965454101562e+02
7.487079620361328125e+01, 9.775206756591796875e+01, 2.064454269409179688e+01, -1.135908660888671875e+02
7.495669555664062500e+01, 9.761386108398437500e+01, 2.107793045043945312e+01, -1.134071273803710938e+02
7.488397979736328125e+01, 9.756638336181640625e+01, 2.029876518249511719e+01, -1.136994018554687500e+02
7.509471893310546875e+01, 9.765319061279296875e+01, 2.040344810485839844e+01, -1.137517166137695312e+02
7.498818206787109375e+01, 9.755891418457031250e+01, 2.055347442626953125e+01, -1.140028915405273438e+02
7.504882812500000000e+01, 9.745858764648437500e+01, 2.038218498229980469e+01, -1.145644607543945312e+02
7.532041168212890625e+01, 9.758361053466796875e+01, 2.004762077331542969e+01, -1.145582122802734375e+02
7.529304504394531250e+01, 9.740497589111328125e+01, 1.978783035278320312e+01, -1.149695739746093750e+02
7.482855987548828125e+01, 9.744109344482421875e+01, 2.038976860046386719e+01, -1.144427032470703125e+02
7.480387115478515625e+01, 9.741986846923828125e+01, 2.025032615661621094e+01, -1.146377334594726562e+02
7.507276153564453125e+01, 9.744797515869140625e+01, 2.017378234863281250e+01, -1.146615371704101562e+02
7.508033752441406250e+01, 9.739102172851562500e+01, 2.010470008850097656e+01, -1.146177291870117188e+02
7.516109466552734375e+01, 9.729377746582031250e+01, 2.017302894592285156e+01, -1.146648406982421875e+02
7.489537811279296875e+01, 9.735381317138671875e+01, 1.995036888122558594e+01, -1.144838104248046875e+02
7.476281738281250000e+01, 9.728817749023437500e+01, 2.063016319274902344e+01, -1.146845779418945312e+02
7.461309814453125000e+01, 9.735619354248046875e+01, 2.076005935668945312e+01, -1.144927597045898438e+02
7.488346099853515625e+01, 9.732541656494140625e+01, 2.056974411010742188e+01, -1.144621505737304688e+02
7.509252929687500000e+01, 9.739821624755859375e+01, 2.084015655517578125e+01, -1.143500823974609375e+02
7.521855926513671875e+01, 9.743058013916015625e+01, 2.077720832824707031e+01, -1.144889984130859375e+02
7.545974731445312500e+01, 9.730458068847656250e+01, 2.049784088134765625e+01, -1.146890258789062500e+02
7.550624847412109375e+01, 9.719449615478515625e+01, 2.047705650329589844e+01, -1.148641052246093750e+02
7.573624420166015625e+01, 9.712078094482421875e+01, 1.998368644714355469e+01, -1.150351867675781250e+02
7.583712768554687500e+01, 9.706014251708984375e+01, 2.014164352416992188e+01, -1.146177215576171875e+02
7.585862731933593750e+01, 9.696630859375000000e+01, 2.030274963378906250e+01, -1.145547332763671875e+02
7.624768066406250000e+01, 9.684735870361328125e+01, 2.043831443786621094e+01, -1.143542098999023438e+02
7.654797363281250000e+01, 9.664807128906250000e+01, 2.018989372253417969e+01, -1.142828750610351562e+02
7.684080505371093750e+01, 9.648690795898437500e+01, 1.980065536499023438e+01, -1.142325210571289062e+02
7.690080261230468750e+01, 9.643410491943359375e+01, 1.970542907714843750e+01, -1.139916000366210938e+02
7.674996948242187500e+01, 9.645471191406250000e+01, 1.962738418579101562e+01, -1.140475769042968750e+02
7.725872802734375000e+01, 9.645671081542968750e+01, 1.977769088745117188e+01, -1.143121871948242188e+02
7.728552246093750000e+01, 9.638683319091796875e+01, 2.001375007629394531e+01, -1.146932907104492188e+02
7.722593688964843750e+01, 9.629602050781250000e+01, 2.054023551940917969e+01, -1.147734527587890625e+02
7.708210754394531250e+01, 9.613835144042968750e+01, 2.093567276000976562e+01, -1.146643447875976562e+02
7.702732086181640625e+01, 9.602227020263671875e+01, 2.086688423156738281e+01, -1.145717391967773438e+02
7.710303497314453125e+01, 9.604026031494140625e+01, 2.030864524841308594e+01, -1.146293487548828125e+02
7.713835144042968750e+01, 9.597519683837890625e+01, 2.016723060607910156e+01, -1.145066833496093750e+02
7.746516418457031250e+01, 9.592414855957031250e+01, 2.030598640441894531e+01, -1.143667831420898438e+02
7.767638397216796875e+01, 9.592742919921875000e+01, 2.014846229553222656e+01, -1.143030853271484375e+02
7.787283325195312500e+01, 9.597488403320312500e+01, 2.024667930603027344e+01, -1.144326934814453125e+02
7.801113128662109375e+01, 9.582614135742187500e+01, 2.010034751892089844e+01, -1.150622787475585938e+02
7.797395324707031250e+01, 9.568058776855468750e+01, 2.030918693542480469e+01, -1.151015930175781250e+02
7.787223052978515625e+01, 9.553267669677734375e+01, 2.008939552307128906e+01, -1.153221817016601562e+02
7.812390899658203125e+01, 9.540433502197265625e+01, 2.006114578247070312e+01, -1.155860748291015625e+02
7.778493499755859375e+01, 9.517616271972656250e+01, 2.030228042602539062e+01, -1.158132553100585938e+02
7.779247283935546875e+01, 9.520049285888671875e+01, 2.063364219665527344e+01, -1.159849243164062500e+02
7.788639831542968750e+01, 9.517768096923828125e+01, 2.093404388427734375e+01, -1.156592941284179688e+02
7.815553283691406250e+01, 9.513307189941406250e+01, 2.097541046142578125e+01, -1.155917739868164062e+02
7.834255981445312500e+01, 9.514608764648437500e+01, 2.124710273742675781e+01, -1.158918304443359375e+02
7.821260070800781250e+01, 9.512501525878906250e+01, 2.093586921691894531e+01, -1.161572265625000000e+02
7.839672088623046875e+01, 9.500736999511718750e+01, 2.091355323791503906e+01, -1.162397766113281250e+02
7.824604034423828125e+01, 9.491113281250000000e+01, 2.087701416015625000e+01, -1.163564682006835938e+02
7.825161743164062500e+01, 9.484171295166015625e+01, 2.119543838500976562e+01, -1.165243072509765625e+02
7.856789398193359375e+01, 9.482933807373046875e+01, 2.127538871765136719e+01, -1.167666015625000000e+02
7.834996032714843750e+01, 9.475966644287109375e+01, 2.173588180541992188e+01, -1.170904083251953125e+02
7.851453399658203125e+01, 9.484380340576171875e+01, 2.102621078491210938e+01, -1.167622680664062500e+02
7.848450469970703125e+01, 9.483119964599609375e+01, 2.104383659362792969e+01, -1.173691329956054688e+02
7.833229827880859375e+01, 9.472286224365234375e+01, 2.116085815429687500e+01, -1.174407806396484375e+02
7.829883575439453125e+01, 9.477938842773437500e+01, 2.079916954040527344e+01, -1.173332519531250000e+02
7.846388244628906250e+01, 9.463216400146484375e+01, 2.066570854187011719e+01, -1.173540496826171875e+02
7.843546295166015625e+01, 9.459407043457031250e+01, 2.071551704406738281e+01, -1.173846588134765625e+02
7.865375518798828125e+01, 9.451098632812500000e+01, 2.091080474853515625e+01, -1.176020278930664062e+02
7.880526733398437500e+01, 9.454528045654296875e+01, 2.063463211059570312e+01, -1.176131210327148438e+02
7.885088348388671875e+01, 9.437789916992187500e+01, 2.032917594909667969e+01, -1.177670364379882812e+02
7.882756042480468750e+01, 9.432129669189453125e+01, 2.001723480224609375e+01, -1.176985244750976562e+02
7.929327392578125000e+01, 9.423300170898437500e+01, 2.029218673706054688e+01, -1.176058273315429688e+02
7.928844451904296875e+01, 9.424707794189453125e+01, 1.996692657470703125e+01, -1.175234985351562500e+02
7.941649627685546875e+01, 9.433153533935546875e+01, 2.036147499084472656e+01, -1.174009552001953125e+02
7.971495056152343750e+01, 9.429508209228515625e+01, 2.054749488830566406e+01, -1.178597412109375000e+02
7.957776641845703125e+01, 9.420661926269531250e+01, 2.048389625549316406e+01, -1.177555999755859375e+02
7.948336029052734375e+01, 9.409871673583984375e+01, 2.041333580017089844e+01, -1.174394836425781250e+02
7.950408935546875000e+01, 9.398077392578125000e+01, 2.047315216064453125e+01, -1.175055389404296875e+02
7.928561401367187500e+01, 9.399437713623046875e+01, 2.070988845825195312e+01, -1.170817413330078125e+02
7.898015594482421875e+01, 9.385865020751953125e+01, 2.015794563293457031e+01, -1.167304763793945312e+02
7.915937805175781250e+01, 9.386845397949218750e+01, 2.058445739746093750e+01, -1.165685653686523438e+02
7.952026367187500000e+01, 9.369223785400390625e+01, 2.068586921691894531e+01, -1.163009414672851562e+02
7.972862243652343750e+01, 9.349337005615234375e+01, 2.043991088867187500e+01, -1.163654479980468750e+02
8.006173706054687500e+01, 9.325460052490234375e+01, 2.062924766540527344e+01, -1.165909194946289062e+02
7.996490478515625000e+01, 9.304531860351562500e+01, 2.098181915283203125e+01, -1.170278854370117188e+02
7.994339752197265625e+01, 9.302180480957031250e+01, 2.109404563903808594e+01, -1.169901580810546875e+02
8.024275970458984375e+01, 9.293462371826171875e+01, 2.138065147399902344e+01, -1.170695419311523438e+02
8.041078948974609375e+01, 9.290637207031250000e+01, 2.100870513916015625e+01, -1.171301269531250000e+02
8.064968872070312500e+01, 9.297773742675781250e+01, 2.113993453979492188e+01, -1.172042083740234375e+02
8.044619750976562500e+01, 9.290347290039062500e+01, 2.161350631713867188e+01, -1.173294754028320312e+02
8.034499359130859375e+01, 9.286914825439453125e+01, 2.160462379455566406e+01, -1.169207687377929688e+02
8.044226837158203125e+01, 9.277677154541015625e+01, 2.155825233459472656e+01, -1.169564514160156250e+02
8.048519134521484375e+01, 9.271270751953125000e+01, 2.135977363586425781e+01, -1.168987808227539062e+02
8.058995056152343750e+01, 9.268359375000000000e+01, 2.147467613220214844e+01, -1.171425552368164062e+02
8.046178436279296875e+01, 9.247504425048828125e+01, 2.149447441101074219e+01, -1.173509826660156250e+02
8.038311004638671875e+01, 9.237099456787109375e+01, 2.163805961608886719e+01, -1.174353866577148438e+02
8.026353454589843750e+01, 9.224042510986328125e+01, 2.110674858093261719e+01, -1.177564163208007812e+02
8.025254821777343750e+01, 9.216072845458984375e+01, 2.058570098876953125e+01, -1.181282653808593750e+02
8.035621643066406250e+01, 9.219854736328125000e+01, 2.020049285888671875e+01, -1.178688812255859375e+02
8.040099334716796875e+01, 9.196073913574218750e+01, 1.988866043090820312e+01, -1.180924301147460938e+02
8.036708068847656250e+01, 9.178797912597656250e+01, 1.959717178344726562e+01, -1.183220596313476562e+02
8.040106201171875000e+01, 9.191040802001953125e+01, 1.949377059936523438e+01, -1.184647598266601562e+02
8.051550292968750000e+01, 9.169866180419921875e+01, 1.955555915832519531e+01, -1.183245162963867188e+02
8.089196014404296875e+01, 9.161767578125000000e+01, 1.944388389587402344e+01, -1.183033599853515625e+02
8.095101928710937500e+01, 9.147769165039062500e+01, 1.939468765258789062e+01, -1.182287368774414062e+02
8.102412414550781250e+01, 9.146626281738281250e+01, 1.978315925598144531e+01, -1.182735290527343750e+02
8.093728637695312500e+01, 9.128891754150390625e+01, 2.040192413330078125e+01, -1.186503524780273438e+02
8.110676574707031250e+01, 9.126339721679687500e+01, 2.052582359313964844e+01, -1.186391296386718750e+02
8.112888336181640625e+01, 9.119538116455078125e+01, 2.024409866333007812e+01, -1.184233779907226562e+02
8.111989593505859375e+01, 9.114969635009765625e+01, 2.019204902648925781e+01, -1.183417892456054688e+02
8.129977416992187500e+01, 9.110306549072265625e+01, 2.034746551513671875e+01, -1.188061065673828125e+02
8.134376525878906250e+01, 9.106488800048828125e+01, 2.054960060119628906e+01, -1.187660140991210938e+02
8.178346252441406250e+01, 9.101088714599609375e+01, 2.071159362792968750e+01, -1.185549163818359375e+02
8.167349243164062500e+01, 9.094762420654296875e+01, 2.044922256469726562e+01, -1.189621887207031250e+02
8.174513244628906250e+01, 9.088326263427734375e+01, 2.003870773315429688e+01, -1.195626220703125000e+02
8.199617004394531250e+01, 9.089470672607421875e+01, 2.005123901367187500e+01, -1.196347961425781250e+02
8.190912628173828125e+01, 9.083110046386718750e+01, 2.009875297546386719e+01, -1.197991561889648438e+02
8.196727752685546875e+01, 9.084626007080078125e+01, 1.999017524719238281e+01, -1.193280944824218750e+02
8.247167968750000000e+01, 9.074593353271484375e+01, 2.019285583496093750e+01, -1.194463729858398438e+02
8.251098632812500000e+01, 9.057215881347656250e+01, 1.986183929443359375e+01, -1.197695465087890625e+02
8.263437652587890625e+01, 9.034311676025390625e+01, 1.965397453308105469e+01, -1.197519149780273438e+02
8.269485473632812500e+01, 9.022110748291015625e+01, 1.959863090515136719e+01, -1.195523910522460938e+02
8.266248321533203125e+01, 9.025412750244140625e+01, 1.902632522583007812e+01, -1.195379409790039062e+02
8.267440032958984375e+01, 9.019907379150390625e+01, 1.883081436157226562e+01, -1.196016387939453125e+02
8.242502593994140625e+01, 9.012836456298828125e+01, 1.926238441467285156e+01, -1.195236358642578125e+02
8.254086303710937500e+01, 9.005644226074218750e+01, 1.902943420410156250e+01, -1.190688095092773438e+02
8.257546234130859375e+01, 9.001541137695312500e+01, 1.866134643554687500e+01, -1.189103775024414062e+02
8.273554229736328125e+01, 8.995105743408203125e+01, 1.835083007812500000e+01, -1.185263748168945312e+02
8.280484008789062500e+01, 8.987519073486328125e+01, 1.900635147094726562e+01, -1.183065032958984375e+02
8.303033447265625000e+01, 8.980760192871093750e+01, 1.897388076782226562e+01, -1.185812606811523438e+02
8.331385040283203125e+01, 8.971168518066406250e+01, 1.915264511108398438e+01, -1.181122360229492188e+02
8.350494384765625000e+01, 8.966957855224609375e+01, 1.891805458068847656e+01, -1.185170440673828125e+02
8.365776824951171875e+01, 8.966508483886718750e+01, 1.917584609985351562e+01, -1.186052627563476562e+02
8.388475799560546875e+01, 8.953984832763671875e+01, 1.935134315490722656e+01, -1.184312896728515625e+02
8.414621734619140625e+01, 8.962696838378906250e+01, 1.932928657531738281e+01, -1.184767227172851562e+02
8.418427276611328125e+01, 8.959095764160156250e+01, 1.900467681884765625e+01, -1.178339538574218750e+02
8.402993011474609375e+01, 8.951888275146484375e+01, 1.854436492919921875e+01, -1.181123504638671875e+02
8.372830200195312500e+01, 8.937106323242187500e+01, 1.819129943847656250e+01, -1.183933029174804688e+02
8.360502624511718750e+01, 8.935429382324218750e+01, 1.736490631103515625e+01, -1.177850723266601562e+02
8.402947235107421875e+01, 8.930727386474609375e+01, 1.755192565917968750e+01, -1.179434509277343750e+02
8.421547698974609375e+01, 8.935939025878906250e+01, 1.734614372253417969e+01, -1.175805969238281250e+02
8.431993865966796875e+01, 8.926100921630859375e+01, 1.731981277465820312e+01, -1.174583053588867188e+02
8.425726318359375000e+01, 8.927230072021484375e+01, 1.739903831481933594e+01, -1.177705230712890625e+02
8.410159301757812500e+01, 8.920053863525390625e+01, 1.722912025451660156e+01, -1.177757797241210938e+02
8.426526641845703125e+01, 8.918618011474609375e+01, 1.713843154907226562e+01, -1.181205215454101562e+02
8.448136901855468750e+01, 8.914635467529296875e+01, 1.711656570434570312e+01, -1.185782394409179688e+02
8.471203613281250000e+01, 8.903110504150390625e+01, 1.735659980773925781e+01, -1.185727996826171875e+02
8.473033905029296875e+01, 8.908708190917968750e+01, 1.725355529785156250e+01, -1.185000152587890625e+02
8.498960113525390625e+01, 8.901588439941406250e+01, 1.768965148925781250e+01, -1.184846115112304688e+02
8.507396697998046875e+01, 8.884960937500000000e+01, 1.717738914489746094e+01, -1.188907775878906250e+02
8.495082092285156250e+01, 8.880585479736328125e+01, 1.697124671936035156e+01, -1.189924697875976562e+02
8.471069335937500000e+01, 8.869321441650390625e+01, 1.664310073852539062e+01, -1.192238769531250000e+02
8.483175659179687500e+01, 8.867842864990234375e+01, 1.664671707153320312e+01, -1.194632568359375000e+02
8.505699157714843750e+01, 8.855141448974609375e+01, 1.725920295715332031e+01, -1.188099746704101562e+02
8.534349060058593750e+01, 8.840503692626953125e+01, 1.704000663757324219e+01, -1.189167404174804688e+02
8.515068054199218750e+01, 8.837341308593750000e+01, 1.774166297912597656e+01, -1.186932144165039062e+02
8.530744934082031250e+01, 8.820638275146484375e+01, 1.764922904968261719e+01, -1.183408966064453125e+02
8.518363189697265625e+01, 8.811753082275390625e+01, 1.777700233459472656e+01, -1.183168487548828125e+02
8.520609283447265625e+01, 8.803274536132812500e+01, 1.751434326171875000e+01, -1.183482208251953125e+02
8.525430297851562500e+01, 8.805963134765625000e+01, 1.765835189819335938e+01, -1.186322402954101562e+02
8.501496124267578125e+01, 8.802261352539062500e+01, 1.743276786804199219e+01, -1.176899490356445312e+02
8.495471954345703125e+01, 8.795223236083984375e+01, 1.746006202697753906e+01, -1.169111557006835938e+02
8.495937347412109375e+01, 8.791913604736328125e+01, 1.745108032226562500e+01, -1.153585891723632812e+02
8.491659545898437500e+01, 8.795043182373046875e+01, 1.791003417968750000e+01, -1.147034835815429688e+02
8.505039978027343750e+01, 8.793811035156250000e+01, 1.761708068847656250e+01, -1.130327987670898438e+02
8.503617095947265625e+01, 8.789472961425781250e+01, 1.782604217529296875e+01, -1.118041915893554688e+02
8.503575897216796875e+01, 8.779866027832031250e+01, 1.781627464294433594e+01, -1.107693252563476562e+02
8.522174072265625000e+01, 8.789070129394531250e+01, 1.833090591430664062e+01, -1.094664840698242188e+02
8.536284637451171875e+01, 8.783942413330078125e+01, 1.780868148803710938e+01, -1.083141937255859375e+02
8.554576110839843750e+01, 8.783135986328125000e+01, 1.782657432556152344e+01, -1.075199432373046875e+02
8.572833251953125000e+01, 8.768967437744140625e+01, 1.780002593994140625e+01, -1.067344284057617188e+02
8.589591217041015625e+01, 8.766535949707031250e+01, 1.728013420104980469e+01, -1.059800338745117188e+02
8.615084075927734375e+01, 8.768318939208984375e+01, 1.759354019165039062e+01, -1.045825958251953125e+02
8.623023986816406250e+01, 8.771359252929687500e+01, 1.809800910949707031e+01, -1.038069000244140625e+02
8.607757568359375000e+01, 8.773006439208984375e+01, 1.834615898132324219e+01, -1.027441482543945312e+02
8.617381286621093750e+01, 8.768001556396484375e+01, 1.851708030700683594e+01, -1.017945098876953125e+02
8.608280944824218750e+01, 8.765012359619140625e+01, 1.874959564208984375e+01, -1.006094360351562500e+02
8.569051361083984375e+01, 8.759855651855468750e+01, 1.861693000793457031e+01, -9.926719665527343750e+01
8.538231658935546875e+01, 8.767091369628906250e+01, 1.845468139648437500e+01, -9.856430816650390625e+01
8.532315826416015625e+01, 8.769812011718750000e+01, 1.798874473571777344e+01, -9.744933319091796875e+01
8.493864440917968750e+01, 8.766989898681640625e+01, 1.844835853576660156e+01, -9.650894927978515625e+01
8.507498931884765625e+01, 8.773630523681640625e+01, 1.818408203125000000e+01, -9.594989776611328125e+01
8.495505523681640625e+01, 8.773754119873046875e+01, 1.886115074157714844e+01, -9.463684844970703125e+01
8.497669219970703125e+01, 8.774166870117187500e+01, 1.820441246032714844e+01, -9.393136596679687500e+01
8.523201751708984375e+01, 8.769400024414062500e+01, 1.817293357849121094e+01, -9.324073028564453125e+01
8.514302062988281250e+01, 8.771183013916015625e+01, 1.831343841552734375e+01, -9.211576843261718750e+01
8.462008666992187500e+01, 8.765097045898437500e+01, 1.812880325317382812e+01, -9.118141174316406250e+01
8.468138122558593750e+01, 8.751894378662109375e+01, 1.930774879455566406e+01, -9.090731811523437500e+01
8.468931579589843750e+01, 8.748144531250000000e+01, 1.967267608642578125e+01, -8.969934844970703125e+01
