1.052623875439167023e+01,1.169042743742465973e+02,7.830000000000000000e+04,-3.970000000000000000e+04
1.053774187510663829e+01,1.169003376906568406e+02,8.090909090909091174e+04,-3.772727272727272793e+04
1.066381220395366292e+01,1.168738237271706311e+02,8.416666666666667152e+04,-3.600000000000000000e+04
1.077454924010313420e+01,1.168834664500676723e+02,8.615384615384615608e+04,-3.469230769230769511e+04
1.086946669965982437e+01,1.168917316411222771e+02,8.785714285714285506e+04,-3.321428571428571740e+04
1.097061323622862439e+01,1.168988332152366638e+02,8.913333333333332848e+04,-3.213333333333333212e+04
1.107682043220847845e+01,1.169049884192645550e+02,9.068750000000000000e+04,-3.106250000000000000e+04
1.117053266395540767e+01,1.169104194816421085e+02,9.152941176470588834e+04,-3.011764705882352791e+04
1.131985326194100949e+01,1.169410525924629667e+02,9.211111111111110949e+04,-2.938888888888889051e+04
1.146843941196014960e+01,1.169684117561892407e+02,9.321052631578948058e+04,-2.868421052631579005e+04
1.160216694697737694e+01,1.169930350035429001e+02,9.410000000000000000e+04,-2.805000000000000000e+04
1.183333145454525948e+01,1.170228447765111923e+02,9.470000000000000000e+04,-2.345000000000000000e+04
1.207873011007905006e+01,1.170526076108217239e+02,9.850000000000000000e+04,-2.035000000000000000e+04
1.230911556631326675e+01,1.170824199914932251e+02,1.019000000000000000e+05,-2.170000000000000000e+04
1.253950102254748344e+01,1.171122323721647263e+02,1.045500000000000000e+05,-2.335000000000000000e+04
1.274083694443106651e+01,1.171349912881851196e+02,1.073500000000000000e+05,-2.555000000000000000e+04
1.297214319929480553e+01,1.171648003160953522e+02,1.088500000000000000e+05,-2.785000000000000000e+04
1.320344945415854454e+01,1.171946093440055847e+02,1.096500000000000000e+05,-3.075000000000000000e+04
1.340478537604212761e+01,1.172173682600259781e+02,1.105500000000000000e+05,-3.325000000000000000e+04
1.360612129792571068e+01,1.172401271760463715e+02,1.106500000000000000e+05,-3.655000000000000000e+04
1.382333477959036827e+01,1.172699823975563049e+02,1.108000000000000000e+05,-3.990000000000000000e+04
1.404054826125502586e+01,1.172998376190662384e+02,1.109500000000000000e+05,-4.360000000000000000e+04
1.418787110596895218e+01,1.173436328768730164e+02,1.105500000000000000e+05,-4.750000000000000000e+04
1.431831941008567810e+01,1.173666246235370636e+02,1.106000000000000000e+05,-5.150000000000000000e+04
1.444876771420240402e+01,1.173896163702011108e+02,1.107000000000000000e+05,-5.625000000000000000e+04
1.456505246460437775e+01,1.174126543104648590e+02,1.108500000000000000e+05,-6.050000000000000000e+04
1.466717403382062912e+01,1.174357391893863678e+02,1.107500000000000000e+05,-6.520000000000000000e+04
1.476929560303688049e+01,1.174588240683078766e+02,1.111000000000000000e+05,-6.990000000000000000e+04
1.481199841946363449e+01,1.174586839973926544e+02,1.115500000000000000e+05,-7.460000000000000000e+04
1.484046690165996552e+01,1.174585908651351929e+02,1.115000000000000000e+05,-7.945000000000000000e+04
1.486893538385629654e+01,1.174584977328777313e+02,1.115500000000000000e+05,-8.450000000000000000e+04
1.486893538385629654e+01,1.174584977328777313e+02,1.115500000000000000e+05,-8.985000000000000000e+04
1.486971443518996239e+01,1.174584951251745224e+02,1.115500000000000000e+05,-9.365000000000000000e+04
1.487049348652362823e+01,1.174584925174713135e+02,1.115500000000000000e+05,-9.730000000000000000e+04
1.485625933855772018e+01,1.174585394561290741e+02,1.106000000000000000e+05,-1.008500000000000000e+05
1.484202519059181213e+01,1.174585863947868347e+02,1.096000000000000000e+05,-1.042500000000000000e+05
1.482779104262590408e+01,1.174586333334445953e+02,1.077000000000000000e+05,-1.073500000000000000e+05
1.476864125579595566e+01,1.174515977501869202e+02,1.044000000000000000e+05,-1.102000000000000000e+05
1.474017295986413956e+01,1.174516912549734116e+02,1.003500000000000000e+05,-1.129500000000000000e+05
1.471170466393232346e+01,1.174517847597599030e+02,9.660000000000000000e+04,-1.155500000000000000e+05
1.470963079482316971e+01,1.174309324473142624e+02,9.225000000000000000e+04,-1.182500000000000000e+05
1.462160199880599976e+01,1.174078017473220825e+02,8.790000000000000000e+04,-1.202500000000000000e+05
1.453357320278882980e+01,1.173846710473299026e+02,8.370000000000000000e+04,-1.222500000000000000e+05
1.445791721343994141e+01,1.173406407237052917e+02,7.960000000000000000e+04,-1.242500000000000000e+05
1.435393430292606354e+01,1.172967031598091125e+02,7.525000000000000000e+04,-1.257000000000000000e+05
1.424995139241218567e+01,1.172527655959129333e+02,7.130000000000000000e+04,-1.274500000000000000e+05
1.408760081976652145e+01,1.172018710523843765e+02,6.710000000000000000e+04,-1.286500000000000000e+05
1.392525024712085724e+01,1.171509765088558197e+02,6.280000000000000000e+04,-1.301000000000000000e+05
1.369408573955297470e+01,1.171211667358875275e+02,5.815000000000000000e+04,-1.312000000000000000e+05
1.344560673460364342e+01,1.170634064823389053e+02,5.385000000000000000e+04,-1.316500000000000000e+05
1.316853752359747887e+01,1.169897124171257019e+02,4.970000000000000000e+04,-1.320000000000000000e+05
1.289146831259131432e+01,1.169160183519124985e+02,4.555000000000000000e+04,-1.323500000000000000e+05
1.251669181510806084e+01,1.168635044246912003e+02,4.120000000000000000e+04,-1.326000000000000000e+05
1.214191531762480736e+01,1.168109904974699020e+02,3.680000000000000000e+04,-1.331000000000000000e+05
1.176912179216742516e+01,1.167584694921970367e+02,3.365000000000000000e+04,-1.331000000000000000e+05
1.139632826671004295e+01,1.167059484869241714e+02,3.180000000000000000e+04,-1.322000000000000000e+05
1.100951293483376503e+01,1.166534736752510071e+02,3.180000000000000000e+04,-1.303500000000000000e+05
1.066761324182152748e+01,1.166080813854932785e+02,3.335000000000000000e+04,-1.277500000000000000e+05
1.029503205791115761e+01,1.165555600076913834e+02,3.660000000000000000e+04,-1.244000000000000000e+05
9.922450874000787735e+00,1.165030386298894882e+02,4.010000000000000000e+04,-1.208500000000000000e+05
9.549090825021266937e+00,1.164505202323198318e+02,4.395000000000000000e+04,-1.165500000000000000e+05
9.261685702949762344e+00,1.164002802222967148e+02,4.785000000000000000e+04,-1.120500000000000000e+05
8.933651819825172424e+00,1.163710325956344604e+02,4.995000000000000000e+04,-1.075000000000000000e+05
8.648108039051294327e+00,1.163416452705860138e+02,5.110000000000000000e+04,-1.028000000000000000e+05
8.390891179442405701e+00,1.163121651858091354e+02,5.270000000000000000e+04,-9.815000000000000000e+04
8.133674319833517075e+00,1.162826851010322571e+02,5.285000000000000000e+04,-9.360000000000000000e+04
7.894196361303329468e+00,1.162811543792486191e+02,5.275000000000000000e+04,-8.920000000000000000e+04
7.654718402773141861e+00,1.162796236574649811e+02,5.275000000000000000e+04,-8.455000000000000000e+04
7.454865612089633942e+00,1.162500359117984772e+02,5.315000000000000000e+04,-8.055000000000000000e+04
7.272327318787574768e+00,1.162483986467123032e+02,5.315000000000000000e+04,-7.615000000000000000e+04
7.147567998617887497e+00,1.162696674466133118e+02,5.295000000000000000e+04,-7.165000000000000000e+04
7.037821877747774124e+00,1.162908867001533508e+02,5.285000000000000000e+04,-6.685000000000000000e+04
7.010769844055175781e+00,1.162909753620624542e+02,5.290000000000000000e+04,-6.175000000000000000e+04
6.968704611063003540e+00,1.162911135703325272e+02,5.295000000000000000e+04,-5.610000000000000000e+04
6.965355947613716125e+00,1.162702657282352448e+02,5.280000000000000000e+04,-5.100000000000000000e+04
6.962007284164428711e+00,1.162494178861379623e+02,5.135000000000000000e+04,-4.640000000000000000e+04
6.961015891283750534e+00,1.162494212388992310e+02,4.895000000000000000e+04,-4.235000000000000000e+04
6.960024498403072357e+00,1.162494245916604996e+02,4.715000000000000000e+04,-3.935000000000000000e+04
6.974046304821968079e+00,1.162493783980607986e+02,4.520000000000000000e+04,-3.690000000000000000e+04
6.988068111240863800e+00,1.162493322044610977e+02,4.270000000000000000e+04,-3.460000000000000000e+04
7.041727378964424133e+00,1.162282958626747131e+02,4.170000000000000000e+04,-3.325000000000000000e+04
7.054828386753797531e+00,1.162282522767782211e+02,4.115000000000000000e+04,-3.190000000000000000e+04
7.108558155596256256e+00,1.162072163075208664e+02,4.220000000000000000e+04,-3.055000000000000000e+04
7.110541313886642456e+00,1.162440963089466095e+02,4.470000000000000000e+04,-2.905000000000000000e+04
7.141559477895498276e+00,1.162808805704116821e+02,4.675000000000000000e+04,-2.755000000000000000e+04
7.172577641904354095e+00,1.163176648318767548e+02,5.045000000000000000e+04,-2.600000000000000000e+04
7.286871317774057388e+00,1.163404654711484909e+02,5.450000000000000000e+04,-2.450000000000000000e+04
7.429350167512893677e+00,1.163631737232208252e+02,5.855000000000000000e+04,-2.305000000000000000e+04
7.601017784327268600e+00,1.163928542286157608e+02,6.245000000000000000e+04,-2.135000000000000000e+04
7.846335228532552719e+00,1.164456307888031006e+02,6.650000000000000000e+04,-2.040000000000000000e+04
8.116406388580799103e+00,1.164703991264104843e+02,7.080000000000000000e+04,-1.970000000000000000e+04
8.371464349329471588e+00,1.164952170103788376e+02,7.500000000000000000e+04,-1.890000000000000000e+04
8.600056916475296021e+00,1.165409810841083527e+02,7.930000000000000000e+04,-1.850000000000000000e+04
8.843662682920694351e+00,1.165866956114768982e+02,8.325000000000000000e+04,-1.810000000000000000e+04
9.089908841997385025e+00,1.166532605886459351e+02,8.730000000000000000e+04,-1.760000000000000000e+04
9.350318368524312973e+00,1.167197793722152710e+02,9.205000000000000000e+04,-1.725000000000000000e+04
9.622392430901527405e+00,1.167654007673263550e+02,9.610000000000000000e+04,-1.725000000000000000e+04
9.924793895334005356e+00,1.168181523680686951e+02,1.007000000000000000e+05,-1.695000000000000000e+04
1.023664707317948341e+01,1.168427839875221252e+02,1.042500000000000000e+05,-1.700000000000000000e+04
1.054850025102496147e+01,1.168674156069755554e+02,1.082500000000000000e+05,-1.685000000000000000e+04
1.075447164475917816e+01,1.169549725949764252e+02,1.108500000000000000e+05,-1.650000000000000000e+04
1.105986759066581726e+01,1.170285739004611969e+02,1.124500000000000000e+05,-1.690000000000000000e+04
1.136526353657245636e+01,1.171021752059459686e+02,1.141500000000000000e+05,-1.685000000000000000e+04
1.169601166620850563e+01,1.171388059854507446e+02,1.149500000000000000e+05,-1.695000000000000000e+04
1.199772479012608528e+01,1.171755325049161911e+02,1.163500000000000000e+05,-1.695000000000000000e+04
1.232790639623999596e+01,1.172121658921241760e+02,1.170500000000000000e+05,-1.700000000000000000e+04
1.267480356618762016e+01,1.172488246113061905e+02,1.176500000000000000e+05,-1.715000000000000000e+04
1.299351556226611137e+01,1.172855757176876068e+02,1.191500000000000000e+05,-1.715000000000000000e+04
1.334083778783679008e+01,1.173222329467535019e+02,1.200500000000000000e+05,-1.705000000000000000e+04
1.361451018601655960e+01,1.173357941210269928e+02,1.208000000000000000e+05,-1.705000000000000000e+04
1.386284995824098587e+01,1.173702973872423172e+02,1.211000000000000000e+05,-1.680000000000000000e+04
1.411118973046541214e+01,1.174048006534576416e+02,1.197500000000000000e+05,-1.670000000000000000e+04
1.438599489629268646e+01,1.174183577299118042e+02,1.172500000000000000e+05,-1.665000000000000000e+04
1.466080006211996078e+01,1.174319148063659668e+02,1.146000000000000000e+05,-1.700000000000000000e+04
1.493845470249652863e+01,1.174526922404766083e+02,1.120000000000000000e+05,-1.730000000000000000e+04
1.520194597542285919e+01,1.174735158681869507e+02,1.075500000000000000e+05,-1.745000000000000000e+04
1.543426103889942169e+01,1.174872122704982758e+02,1.037500000000000000e+05,-1.755000000000000000e+04
1.563624870032072067e+01,1.174937784671783447e+02,9.845000000000000000e+04,-1.785000000000000000e+04
1.581377144902944565e+01,1.175285141915082932e+02,9.335000000000000000e+04,-1.795000000000000000e+04
1.599129419773817062e+01,1.175632499158382416e+02,8.775000000000000000e+04,-1.810000000000000000e+04
1.628125067800283432e+01,1.175631280988454819e+02,8.160000000000000000e+04,-1.830000000000000000e+04
1.651234086602926254e+01,1.175559692084789276e+02,7.630000000000000000e+04,-1.810000000000000000e+04
1.668663928285241127e+01,1.175626259297132492e+02,7.085000000000000000e+04,-1.840000000000000000e+04
1.684670336544513702e+01,1.175693295896053314e+02,6.620000000000000000e+04,-1.865000000000000000e+04
1.706355921924114227e+01,1.175622176378965378e+02,6.065000000000000000e+04,-1.885000000000000000e+04
1.722077038139104843e+01,1.175480715930461884e+02,5.525000000000000000e+04,-1.920000000000000000e+04
1.731861922889947891e+01,1.175268914550542831e+02,5.120000000000000000e+04,-1.950000000000000000e+04
1.744764428585767746e+01,1.175128385424613953e+02,4.600000000000000000e+04,-1.950000000000000000e+04
1.754805911332368851e+01,1.174988795071840286e+02,4.260000000000000000e+04,-1.915000000000000000e+04
1.767465043812990189e+01,1.174804072827100754e+02,3.970000000000000000e+04,-1.910000000000000000e+04
1.770638730376958847e+01,1.175039652734994888e+02,3.700000000000000000e+04,-1.905000000000000000e+04
1.773812416940927505e+01,1.175275232642889023e+02,3.665000000000000000e+04,-1.895000000000000000e+04
1.780992913991212845e+01,1.175136581063270569e+02,3.755000000000000000e+04,-1.880000000000000000e+04
1.789611000567674637e+01,1.174997460097074509e+02,3.935000000000000000e+04,-1.845000000000000000e+04
1.795111466199159622e+01,1.174787066876888275e+02,4.100000000000000000e+04,-1.790000000000000000e+04
1.798042710870504379e+01,1.174950428307056427e+02,4.360000000000000000e+04,-1.775000000000000000e+04
1.804091576486825943e+01,1.175185061991214752e+02,4.675000000000000000e+04,-1.765000000000000000e+04
1.814090600237250328e+01,1.175045482814311981e+02,5.005000000000000000e+04,-1.730000000000000000e+04
1.821577018126845360e+01,1.175279647111892700e+02,5.330000000000000000e+04,-1.705000000000000000e+04
1.829063436016440392e+01,1.175513811409473419e+02,5.730000000000000000e+04,-1.685000000000000000e+04
1.830750918015837669e+01,1.175721850246191025e+02,6.165000000000000000e+04,-1.650000000000000000e+04
1.832494447007775307e+01,1.176094196736812592e+02,6.625000000000000000e+04,-1.630000000000000000e+04
1.839917153120040894e+01,1.176328387111425400e+02,7.090000000000000000e+04,-1.595000000000000000e+04
1.847339859232306480e+01,1.176562577486038208e+02,7.555000000000000000e+04,-1.560000000000000000e+04
1.850520959123969078e+01,1.176934447139501572e+02,8.070000000000000000e+04,-1.540000000000000000e+04
1.856819679960608482e+01,1.177377589046955109e+02,8.565000000000000000e+04,-1.505000000000000000e+04
1.864499943330883980e+01,1.177655953913927078e+02,8.930000000000000000e+04,-1.465000000000000000e+04
1.869118632748723030e+01,1.178027354180812836e+02,9.350000000000000000e+04,-1.465000000000000000e+04
1.873737322166562080e+01,1.178398754447698593e+02,9.680000000000000000e+04,-1.495000000000000000e+04
1.879688519984483719e+01,1.178441073745489120e+02,9.970000000000000000e+04,-1.500000000000000000e+04
1.892264178022742271e+01,1.178064029663801193e+02,1.025000000000000000e+05,-1.510000000000000000e+04
1.906939512118697166e+01,1.178132321685552597e+02,1.047000000000000000e+05,-1.525000000000000000e+04
1.923065967857837677e+01,1.178364459425210953e+02,1.069500000000000000e+05,-1.555000000000000000e+04
1.937754834070801735e+01,1.178597066551446915e+02,1.088000000000000000e+05,-1.555000000000000000e+04
1.952764419838786125e+01,1.179038159549236298e+02,1.111000000000000000e+05,-1.580000000000000000e+04
1.976393079385161400e+01,1.179010674357414246e+02,1.131000000000000000e+05,-1.580000000000000000e+04
2.000021738931536674e+01,1.178983189165592194e+02,1.144500000000000000e+05,-1.575000000000000000e+04
2.021151985973119736e+01,1.179329439997673035e+02,1.157500000000000000e+05,-1.575000000000000000e+04
2.047698348760604858e+01,1.179300993680953979e+02,1.172000000000000000e+05,-1.560000000000000000e+04
2.074244711548089981e+01,1.179272547364234924e+02,1.181500000000000000e+05,-1.560000000000000000e+04
2.104881638661026955e+01,1.179198488593101501e+02,1.190500000000000000e+05,-1.560000000000000000e+04
2.139063766226172447e+01,1.179239828139543533e+02,1.198500000000000000e+05,-1.575000000000000000e+04
2.173245893791317940e+01,1.179281167685985565e+02,1.206000000000000000e+05,-1.580000000000000000e+04
2.208829978480935097e+01,1.179155297577381134e+02,1.210500000000000000e+05,-1.600000000000000000e+04
2.242976492270827293e+01,1.179029904305934906e+02,1.218500000000000000e+05,-1.600000000000000000e+04
2.280097538605332375e+01,1.179070286452770233e+02,1.225500000000000000e+05,-1.595000000000000000e+04
2.318697823211550713e+01,1.179107755422592163e+02,1.233000000000000000e+05,-1.590000000000000000e+04
2.357242060825228691e+01,1.178980916738510132e+02,1.245000000000000000e+05,-1.585000000000000000e+04
2.402019677683711052e+01,1.178923510015010834e+02,1.243500000000000000e+05,-1.580000000000000000e+04
2.445778958499431610e+01,1.179239355027675629e+02,1.245000000000000000e+05,-1.580000000000000000e+04
2.489538239315152168e+01,1.179555200040340424e+02,1.247500000000000000e+05,-1.575000000000000000e+04
2.534129666164517403e+01,1.179424747824668884e+02,1.248000000000000000e+05,-1.575000000000000000e+04
2.579495776444673538e+01,1.179405748844146729e+02,1.250500000000000000e+05,-1.555000000000000000e+04
2.624861886724829674e+01,1.179386749863624573e+02,1.253500000000000000e+05,-1.550000000000000000e+04
2.673948900774121284e+01,1.178949344903230667e+02,1.251500000000000000e+05,-1.635000000000000000e+04
2.714417437091469765e+01,1.178816199302673340e+02,1.254000000000000000e+05,-1.815000000000000000e+04
2.754885973408818245e+01,1.178683053702116013e+02,1.257000000000000000e+05,-2.025000000000000000e+04
2.793902764096856117e+01,1.178550384938716888e+02,1.263500000000000000e+05,-2.245000000000000000e+04
2.830016044899821281e+01,1.178418669849634171e+02,1.262500000000000000e+05,-2.530000000000000000e+04
2.866129325702786446e+01,1.178286954760551453e+02,1.260500000000000000e+05,-2.840000000000000000e+04
2.896770481020212173e+01,1.178365629166364670e+02,1.261500000000000000e+05,-3.155000000000000000e+04
2.923810388892889023e+01,1.178164597600698471e+02,1.259500000000000000e+05,-3.455000000000000000e+04
2.950850296765565872e+01,1.177963566035032272e+02,1.256500000000000000e+05,-3.800000000000000000e+04
2.979056872427463531e+01,1.177720308303833008e+02,1.251500000000000000e+05,-4.125000000000000000e+04
3.007263448089361191e+01,1.177477050572633743e+02,1.245000000000000000e+05,-4.505000000000000000e+04
3.029926866292953491e+01,1.177277453243732452e+02,1.241000000000000000e+05,-4.920000000000000000e+04
3.049729503691196442e+01,1.177245546132326126e+02,1.237000000000000000e+05,-5.395000000000000000e+04
3.069532141089439392e+01,1.177213639020919800e+02,1.225500000000000000e+05,-5.805000000000000000e+04
3.081628400832414627e+01,1.177112784236669540e+02,1.226500000000000000e+05,-6.255000000000000000e+04
3.090792838484048843e+01,1.177012890577316284e+02,1.223500000000000000e+05,-6.685000000000000000e+04
3.099957276135683060e+01,1.176912996917963028e+02,1.221500000000000000e+05,-7.160000000000000000e+04
3.106189891695976257e+01,1.176814064383506775e+02,1.219500000000000000e+05,-7.695000000000000000e+04
3.106189891695976257e+01,1.176814064383506775e+02,1.215000000000000000e+05,-8.165000000000000000e+04
3.106189891695976257e+01,1.176814064383506775e+02,1.209500000000000000e+05,-8.675000000000000000e+04
3.102148268371820450e+01,1.177023984491825104e+02,1.203500000000000000e+05,-9.095000000000000000e+04
3.100675269961357117e+01,1.177024468779563904e+02,1.198000000000000000e+05,-9.450000000000000000e+04
3.095844350755214691e+01,1.176955383270978928e+02,1.194500000000000000e+05,-9.780000000000000000e+04
3.091013431549072266e+01,1.176886297762393951e+02,1.192500000000000000e+05,-1.015000000000000000e+05
3.089597858488559723e+01,1.177055139094591141e+02,1.200000000000000000e+05,-1.047000000000000000e+05
3.088124860078096390e+01,1.177055623382329941e+02,1.207000000000000000e+05,-1.075500000000000000e+05
3.086651861667633057e+01,1.177056107670068741e+02,1.217000000000000000e+05,-1.103500000000000000e+05
3.085236288607120514e+01,1.177224949002265930e+02,1.227000000000000000e+05,-1.131500000000000000e+05
3.083763290196657181e+01,1.177225433290004730e+02,1.236500000000000000e+05,-1.155500000000000000e+05
3.079721666872501373e+01,1.177435353398323059e+02,1.246000000000000000e+05,-1.180500000000000000e+05
3.072322122752666473e+01,1.177575703710317612e+02,1.261500000000000000e+05,-1.201500000000000000e+05
3.070849124342203140e+01,1.177576187998056412e+02,1.271500000000000000e+05,-1.219000000000000000e+05
3.069376125931739807e+01,1.177576672285795212e+02,1.286000000000000000e+05,-1.231000000000000000e+05
3.069376125931739807e+01,1.177576672285795212e+02,1.300500000000000000e+05,-1.249000000000000000e+05
3.070849124342203140e+01,1.177576187998056412e+02,1.317500000000000000e+05,-1.263000000000000000e+05
3.072322122752666473e+01,1.177575703710317612e+02,1.328000000000000000e+05,-1.273000000000000000e+05
3.073795121163129807e+01,1.177575219422578812e+02,1.347000000000000000e+05,-1.269000000000000000e+05
3.075268119573593140e+01,1.177574735134840012e+02,1.366000000000000000e+05,-1.252000000000000000e+05
3.076741117984056473e+01,1.177574250847101212e+02,1.390500000000000000e+05,-1.233000000000000000e+05
3.078214116394519806e+01,1.177573766559362411e+02,1.415000000000000000e+05,-1.203000000000000000e+05
3.079687114804983139e+01,1.177573282271623611e+02,1.440000000000000000e+05,-1.168000000000000000e+05
3.082633092999458313e+01,1.177572317421436310e+02,1.458000000000000000e+05,-1.123000000000000000e+05
3.088879566639661789e+01,1.177472569048404694e+02,1.482000000000000000e+05,-1.076500000000000000e+05
3.095126040279865265e+01,1.177372820675373077e+02,1.498500000000000000e+05,-1.025500000000000000e+05
3.099430166184902191e+01,1.177034661173820496e+02,1.508000000000000000e+05,-9.710000000000000000e+04
3.105207271873950958e+01,1.176696021109819412e+02,1.519500000000000000e+05,-9.230000000000000000e+04
3.110984377562999725e+01,1.176357381045818329e+02,1.529500000000000000e+05,-8.685000000000000000e+04
3.121627531945705414e+01,1.176087010651826859e+02,1.539000000000000000e+05,-8.180000000000000000e+04
3.133750483393669128e+01,1.175815347582101822e+02,1.559500000000000000e+05,-7.640000000000000000e+04
3.145873434841632843e+01,1.175543684512376785e+02,1.572000000000000000e+05,-7.120000000000000000e+04
3.161354307085275650e+01,1.175341591238975525e+02,1.578000000000000000e+05,-6.580000000000000000e+04
3.174899592995643616e+01,1.174900278449058533e+02,1.590500000000000000e+05,-6.040000000000000000e+04
3.188444878906011581e+01,1.174458965659141541e+02,1.596500000000000000e+05,-5.500000000000000000e+04
3.201997242867946625e+01,1.174017652869224548e+02,1.599000000000000000e+05,-4.960000000000000000e+04
3.220392502844333649e+01,1.173473004251718521e+02,1.598500000000000000e+05,-4.425000000000000000e+04
3.238787762820720673e+01,1.172928355634212494e+02,1.599000000000000000e+05,-3.930000000000000000e+04
3.258670195937156677e+01,1.172383215278387070e+02,1.600000000000000000e+05,-3.530000000000000000e+04
3.278552629053592682e+01,1.171838074922561646e+02,1.594000000000000000e+05,-3.210000000000000000e+04
3.299922198057174683e+01,1.171292450278997421e+02,1.582500000000000000e+05,-2.975000000000000000e+04
3.322720937430858612e+01,1.170576363801956177e+02,1.584500000000000000e+05,-2.820000000000000000e+04
3.345519676804542542e+01,1.169860277324914932e+02,1.576000000000000000e+05,-2.705000000000000000e+04
3.371781222522258759e+01,1.169209677726030350e+02,1.565500000000000000e+05,-2.620000000000000000e+04
3.396080732345581055e+01,1.168491475284099579e+02,1.543000000000000000e+05,-2.555000000000000000e+04
3.420380242168903351e+01,1.167773272842168808e+02,1.532500000000000000e+05,-2.485000000000000000e+04
3.444693908095359802e+01,1.167055066674947739e+02,1.521500000000000000e+05,-2.455000000000000000e+04
3.473984766751527786e+01,1.166398618370294571e+02,1.501000000000000000e+05,-2.365000000000000000e+04
3.503275625407695770e+01,1.165742170065641403e+02,1.471000000000000000e+05,-2.365000000000000000e+04
3.527643010020256042e+01,1.164849095046520233e+02,1.441000000000000000e+05,-2.310000000000000000e+04
3.550588022917509079e+01,1.164125669747591019e+02,1.387500000000000000e+05,-2.285000000000000000e+04
3.573533035814762115e+01,1.163402244448661804e+02,1.341000000000000000e+05,-2.255000000000000000e+04
3.596478048712015152e+01,1.162678819149732590e+02,1.293000000000000000e+05,-2.250000000000000000e+04
3.618000727146863937e+01,1.162125043570995331e+02,1.229000000000000000e+05,-2.240000000000000000e+04
3.639523405581712723e+01,1.161571267992258072e+02,1.167000000000000000e+05,-2.200000000000000000e+04
3.659566007554531097e+01,1.161017976701259613e+02,1.108500000000000000e+05,-2.185000000000000000e+04
3.674765713512897491e+01,1.160568021237850189e+02,1.048500000000000000e+05,-2.170000000000000000e+04
3.689965419471263885e+01,1.160118065774440765e+02,9.910000000000000000e+04,-2.165000000000000000e+04
3.703677952289581299e+01,1.159668602049350739e+02,9.265000000000000000e+04,-2.175000000000000000e+04
3.717390485107898712e+01,1.159219138324260712e+02,8.590000000000000000e+04,-2.175000000000000000e+04
3.732184506952762604e+01,1.158560723066329956e+02,7.980000000000000000e+04,-2.190000000000000000e+04
3.745549358427524567e+01,1.158072769641876221e+02,7.220000000000000000e+04,-2.185000000000000000e+04
3.758914209902286530e+01,1.157584816217422485e+02,6.565000000000000000e+04,-2.175000000000000000e+04
3.764774650335311890e+01,1.157241292297840118e+02,5.940000000000000000e+04,-2.220000000000000000e+04
3.772654552012681961e+01,1.157133724540472031e+02,5.425000000000000000e+04,-2.260000000000000000e+04
3.780534453690052032e+01,1.157026156783103943e+02,4.810000000000000000e+04,-2.295000000000000000e+04
3.786927200853824615e+01,1.156919077038764954e+02,4.235000000000000000e+04,-2.330000000000000000e+04
3.786927200853824615e+01,1.156919077038764954e+02,3.795000000000000000e+04,-2.350000000000000000e+04
3.785432949662208557e+01,1.156919568777084351e+02,3.530000000000000000e+04,-2.315000000000000000e+04
3.785432949662208557e+01,1.156919568777084351e+02,3.315000000000000000e+04,-2.300000000000000000e+04
3.785432949662208557e+01,1.156919568777084351e+02,3.240000000000000000e+04,-2.275000000000000000e+04
3.788001574575901031e+01,1.156710132956504822e+02,3.240000000000000000e+04,-2.230000000000000000e+04
3.788001574575901031e+01,1.156710132956504822e+02,3.300000000000000000e+04,-2.165000000000000000e+04
3.788001574575901031e+01,1.156710132956504822e+02,3.555000000000000000e+04,-2.125000000000000000e+04
3.788001574575901031e+01,1.156710132956504822e+02,3.815000000000000000e+04,-2.120000000000000000e+04
3.788001574575901031e+01,1.156710132956504822e+02,4.120000000000000000e+04,-2.085000000000000000e+04
3.788001574575901031e+01,1.156710132956504822e+02,4.460000000000000000e+04,-2.040000000000000000e+04
3.788001574575901031e+01,1.156710132956504822e+02,4.810000000000000000e+04,-2.010000000000000000e+04
3.792064450681209564e+01,1.156500205397605896e+02,5.145000000000000000e+04,-1.965000000000000000e+04
3.796127326786518097e+01,1.156290277838706970e+02,5.620000000000000000e+04,-1.905000000000000000e+04
3.801480475813150406e+01,1.156390517950057983e+02,5.990000000000000000e+04,-1.840000000000000000e+04
3.817424830049276352e+01,1.156342886388301849e+02,6.360000000000000000e+04,-1.795000000000000000e+04
3.833369184285402298e+01,1.156295254826545715e+02,6.745000000000000000e+04,-1.750000000000000000e+04
3.852271493524312973e+01,1.156074233353137970e+02,7.160000000000000000e+04,-1.685000000000000000e+04
3.874131832271814346e+01,1.155679818242788315e+02,7.555000000000000000e+04,-1.635000000000000000e+04
3.895992171019315720e+01,1.155285403132438660e+02,7.975000000000000000e+04,-1.555000000000000000e+04
3.921988327056169510e+01,1.154853463172912598e+02,8.400000000000000000e+04,-1.490000000000000000e+04
3.949434105306863785e+01,1.154248625040054321e+02,8.785000000000000000e+04,-1.445000000000000000e+04
3.978374134749174118e+01,1.153643295168876648e+02,9.115000000000000000e+04,-1.430000000000000000e+04
4.008327294141054153e+01,1.153308805078268051e+02,9.395000000000000000e+04,-1.405000000000000000e+04
4.038280453532934189e+01,1.152974314987659454e+02,9.740000000000000000e+04,-1.410000000000000000e+04
4.068233612924814224e+01,1.152639824897050858e+02,9.950000000000000000e+04,-1.410000000000000000e+04
4.098127689212560654e+01,1.152132127434015274e+02,1.013500000000000000e+05,-1.430000000000000000e+04
4.128021765500307083e+01,1.151624429970979691e+02,1.033000000000000000e+05,-1.435000000000000000e+04
4.159490372985601425e+01,1.151289444416761398e+02,1.051500000000000000e+05,-1.430000000000000000e+04
4.190899897366762161e+01,1.150781247764825821e+02,1.071000000000000000e+05,-1.435000000000000000e+04
4.222309421747922897e+01,1.150273051112890244e+02,1.089000000000000000e+05,-1.445000000000000000e+04
4.255234468728303909e+01,1.149764358997344971e+02,1.106500000000000000e+05,-1.445000000000000000e+04
4.284096639603376389e+01,1.149465594440698624e+02,1.126000000000000000e+05,-1.450000000000000000e+04
4.312958810478448868e+01,1.149166829884052277e+02,1.142500000000000000e+05,-1.465000000000000000e+04
4.339418448507785797e+01,1.148593623191118240e+02,1.163500000000000000e+05,-1.470000000000000000e+04
4.355286881327629089e+01,1.148168288171291351e+02,1.187500000000000000e+05,-1.470000000000000000e+04
4.371155314147472382e+01,1.147742953151464462e+02,1.209500000000000000e+05,-1.485000000000000000e+04
4.386634416878223419e+01,1.147281572222709656e+02,1.233500000000000000e+05,-1.510000000000000000e+04
4.399155490100383759e+01,1.146993584930896759e+02,1.252000000000000000e+05,-1.530000000000000000e+04
4.415760710835456848e+01,1.146495666354894638e+02,1.276000000000000000e+05,-1.580000000000000000e+04
4.425602406263351440e+01,1.146071497350931168e+02,1.296500000000000000e+05,-1.595000000000000000e+04
4.433994479477405548e+01,1.145820226520299911e+02,1.314500000000000000e+05,-1.610000000000000000e+04
4.447504207491874695e+01,1.145627427846193314e+02,1.329000000000000000e+05,-1.640000000000000000e+04
4.458506554365158081e+01,1.145164281129837036e+02,1.348000000000000000e+05,-1.685000000000000000e+04
4.469508901238441467e+01,1.144701134413480759e+02,1.358000000000000000e+05,-1.720000000000000000e+04
4.479465149343013763e+01,1.144446924328804016e+02,1.370000000000000000e+05,-1.745000000000000000e+04
4.492049105465412140e+01,1.144156485795974731e+02,1.379000000000000000e+05,-1.885000000000000000e+04
4.499449245631694794e+01,1.143634367734193802e+02,1.371000000000000000e+05,-2.120000000000000000e+04
4.505274854600429535e+01,1.142939537763595581e+02,1.355000000000000000e+05,-2.395000000000000000e+04
4.511159546673297882e+01,1.142417918890714645e+02,1.333000000000000000e+05,-2.705000000000000000e+04
4.517044238746166229e+01,1.141896300017833710e+02,1.297000000000000000e+05,-3.040000000000000000e+04
4.526537843048572540e+01,1.141432840377092361e+02,1.254500000000000000e+05,-3.390000000000000000e+04
4.536031447350978851e+01,1.140969380736351013e+02,1.209500000000000000e+05,-3.745000000000000000e+04
4.544002525508403778e+01,1.140506420284509659e+02,1.156000000000000000e+05,-4.135000000000000000e+04
4.546915329992771149e+01,1.140159007161855698e+02,1.104000000000000000e+05,-4.520000000000000000e+04
4.549828134477138519e+01,1.139811594039201736e+02,1.050000000000000000e+05,-4.930000000000000000e+04
4.552740938961505890e+01,1.139464180916547775e+02,9.950000000000000000e+04,-5.375000000000000000e+04
4.559315033257007599e+01,1.139348946511745453e+02,9.430000000000000000e+04,-5.805000000000000000e+04
4.565889127552509308e+01,1.139233712106943130e+02,8.845000000000000000e+04,-6.255000000000000000e+04
4.568379074335098267e+01,1.139328408986330032e+02,8.225000000000000000e+04,-6.705000000000000000e+04
4.573496729135513306e+01,1.139386881142854691e+02,7.615000000000000000e+04,-7.200000000000000000e+04
4.578614383935928345e+01,1.139445353299379349e+02,7.025000000000000000e+04,-7.725000000000000000e+04
4.578614383935928345e+01,1.139445353299379349e+02,6.435000000000000000e+04,-8.215000000000000000e+04
4.578614383935928345e+01,1.139445353299379349e+02,5.950000000000000000e+04,-8.595000000000000000e+04
4.573496729135513306e+01,1.139386881142854691e+02,5.565000000000000000e+04,-8.910000000000000000e+04
4.570919424295425415e+01,1.139118984341621399e+02,5.235000000000000000e+04,-9.145000000000000000e+04
4.568342119455337524e+01,1.138851087540388107e+02,4.985000000000000000e+04,-9.205000000000000000e+04
4.566885754466056824e+01,1.139024794101715088e+02,4.920000000000000000e+04,-9.115000000000000000e+04
4.565429389476776123e+01,1.139198500663042068e+02,4.930000000000000000e+04,-8.945000000000000000e+04
4.563973024487495422e+01,1.139372207224369049e+02,4.990000000000000000e+04,-8.705000000000000000e+04
4.562516659498214722e+01,1.139545913785696030e+02,5.175000000000000000e+04,-8.420000000000000000e+04
4.555935859680175781e+01,1.139661956578493118e+02,5.480000000000000000e+04,-8.120000000000000000e+04
4.554472714662551880e+01,1.139836471527814865e+02,5.810000000000000000e+04,-7.815000000000000000e+04
4.554532095789909363e+01,1.140010487288236618e+02,6.230000000000000000e+04,-7.450000000000000000e+04
4.558193385601043701e+01,1.140242666006088257e+02,6.710000000000000000e+04,-7.110000000000000000e+04
4.558252468705177307e+01,1.140415873378515244e+02,7.190000000000000000e+04,-6.720000000000000000e+04
4.558311551809310913e+01,1.140589080750942230e+02,7.690000000000000000e+04,-6.315000000000000000e+04
4.560880176723003387e+01,1.140379644930362701e+02,8.225000000000000000e+04,-5.885000000000000000e+04
4.562402702867984772e+01,1.140379145741462708e+02,8.885000000000000000e+04,-5.415000000000000000e+04
4.563925229012966156e+01,1.140378646552562714e+02,9.505000000000000000e+04,-4.950000000000000000e+04
4.565388374030590057e+01,1.140204131603240967e+02,1.011500000000000000e+05,-4.450000000000000000e+04
4.568314738571643829e+01,1.139855097979307175e+02,1.069500000000000000e+05,-3.910000000000000000e+04
4.571241103112697601e+01,1.139506064355373383e+02,1.135500000000000000e+05,-3.375000000000000000e+04
4.577212594449520111e+01,1.139156028628349304e+02,1.179500000000000000e+05,-2.965000000000000000e+04
4.594931416213512421e+01,1.138745978474617004e+02,1.211500000000000000e+05,-2.615000000000000000e+04
4.608587361872196198e+01,1.138545852154493332e+02,1.242000000000000000e+05,-2.360000000000000000e+04
4.623713307082653046e+01,1.138170391321182251e+02,1.260500000000000000e+05,-2.160000000000000000e+04
4.642902128398418427e+01,1.137585006654262543e+02,1.282500000000000000e+05,-2.020000000000000000e+04
4.663620553910732269e+01,1.136999122798442841e+02,1.306000000000000000e+05,-1.915000000000000000e+04
4.689473472535610199e+01,1.136292804032564163e+02,1.324500000000000000e+05,-1.860000000000000000e+04
4.715326391160488129e+01,1.135586485266685486e+02,1.341500000000000000e+05,-1.855000000000000000e+04
4.741179309785366058e+01,1.134880166500806808e+02,1.358500000000000000e+05,-1.845000000000000000e+04
4.761914573609828949e+01,1.134115375578403473e+02,1.372500000000000000e+05,-1.835000000000000000e+04
4.782649837434291840e+01,1.133350584656000137e+02,1.388000000000000000e+05,-1.840000000000000000e+04
4.807490445673465729e+01,1.132375854998826981e+02,1.394000000000000000e+05,-1.820000000000000000e+04
4.829633422195911407e+01,1.131439808756113052e+02,1.397500000000000000e+05,-1.845000000000000000e+04
4.851776398718357086e+01,1.130503762513399124e+02,1.400500000000000000e+05,-1.855000000000000000e+04
4.867748543620109558e+01,1.129718180745840073e+02,1.400500000000000000e+05,-1.890000000000000000e+04
4.889914914965629578e+01,1.128601606935262680e+02,1.398000000000000000e+05,-1.945000000000000000e+04
4.912081286311149597e+01,1.127485033124685287e+02,1.395500000000000000e+05,-1.990000000000000000e+04
4.934307038784027100e+01,1.126542475074529648e+02,1.395500000000000000e+05,-2.030000000000000000e+04
4.951391480863094330e+01,1.125721156597137451e+02,1.400500000000000000e+05,-2.095000000000000000e+04
4.968475922942161560e+01,1.124899838119745255e+02,1.397500000000000000e+05,-2.170000000000000000e+04
4.987730011343955994e+01,1.124132294207811356e+02,1.401500000000000000e+05,-2.215000000000000000e+04
5.000294521450996399e+01,1.123307600617408752e+02,1.409500000000000000e+05,-2.400000000000000000e+04
5.012859031558036804e+01,1.122482907027006149e+02,1.418000000000000000e+05,-2.640000000000000000e+04
5.023953542113304138e+01,1.121833547949790955e+02,1.430000000000000000e+05,-2.930000000000000000e+04
5.035048052668571472e+01,1.121184188872575760e+02,1.432500000000000000e+05,-3.255000000000000000e+04
5.044612959027290344e+01,1.120535328984260559e+02,1.434500000000000000e+05,-3.595000000000000000e+04
5.049043372273445129e+01,1.120006904006004333e+02,1.437000000000000000e+05,-3.950000000000000000e+04
5.053473785519599915e+01,1.119478479027748108e+02,1.442500000000000000e+05,-4.300000000000000000e+04
5.054219365119934082e+01,1.118897590786218643e+02,1.444500000000000000e+05,-4.670000000000000000e+04
5.054964944720268250e+01,1.118316702544689178e+02,1.447000000000000000e+05,-5.075000000000000000e+04
5.055710524320602417e+01,1.117735814303159714e+02,1.447500000000000000e+05,-5.510000000000000000e+04
5.052350759506225586e+01,1.117364864796400070e+02,1.447500000000000000e+05,-5.940000000000000000e+04
5.055290833115577698e+01,1.117014203220605850e+02,1.451000000000000000e+05,-6.390000000000000000e+04
5.058230906724929810e+01,1.116663541644811630e+02,1.455000000000000000e+05,-6.840000000000000000e+04
5.064855813980102539e+01,1.116365343332290649e+02,1.456500000000000000e+05,-7.330000000000000000e+04
5.066332593560218811e+01,1.116189200431108475e+02,1.456000000000000000e+05,-7.825000000000000000e+04
5.067809373140335083e+01,1.116013057529926300e+02,1.457500000000000000e+05,-8.310000000000000000e+04
5.069346055388450623e+01,1.116012550890445709e+02,1.459500000000000000e+05,-8.815000000000000000e+04
5.070875696837902069e+01,1.116012051701545715e+02,1.449000000000000000e+05,-9.295000000000000000e+04
5.072405338287353516e+01,1.116011552512645721e+02,1.439000000000000000e+05,-9.775000000000000000e+04
5.072405338287353516e+01,1.116011552512645721e+02,1.412500000000000000e+05,-1.027500000000000000e+05
5.072465240955352783e+01,1.116187188774347305e+02,1.380500000000000000e+05,-1.063000000000000000e+05
5.072525143623352051e+01,1.116362825036048889e+02,1.340500000000000000e+05,-1.093000000000000000e+05
5.072585046291351318e+01,1.116538461297750473e+02,1.300500000000000000e+05,-1.118000000000000000e+05
5.072644948959350586e+01,1.116714097559452057e+02,1.249500000000000000e+05,-1.139500000000000000e+05
5.072704851627349854e+01,1.116889733821153641e+02,1.196000000000000000e+05,-1.159000000000000000e+05
5.072764754295349121e+01,1.117065370082855225e+02,1.142000000000000000e+05,-1.175000000000000000e+05
5.076509937644004822e+01,1.117294285446405411e+02,1.080000000000000000e+05,-1.189000000000000000e+05
5.075039900839328766e+01,1.117469612509012222e+02,1.021000000000000000e+05,-1.201500000000000000e+05
5.073569864034652710e+01,1.117644939571619034e+02,9.635000000000000000e+04,-1.210500000000000000e+05
5.072099827229976654e+01,1.117820266634225845e+02,9.060000000000000000e+04,-1.218000000000000000e+05
5.074307881295681000e+01,1.118048872798681259e+02,8.430000000000000000e+04,-1.226000000000000000e+05
5.076515935361385345e+01,1.118277478963136673e+02,7.835000000000000000e+04,-1.229500000000000000e+05
5.078723989427089691e+01,1.118506085127592087e+02,7.205000000000000000e+04,-1.232500000000000000e+05
5.073569118976593018e+01,1.118628948926925659e+02,6.600000000000000000e+04,-1.232500000000000000e+05
5.068414248526096344e+01,1.118751812726259232e+02,5.925000000000000000e+04,-1.231000000000000000e+05
5.066937468945980072e+01,1.118927955627441406e+02,5.295000000000000000e+04,-1.231000000000000000e+05
5.060193017125129700e+01,1.118875686079263687e+02,4.645000000000000000e+04,-1.230000000000000000e+05
5.057133696973323822e+01,1.118876688182353973e+02,4.080000000000000000e+04,-1.228500000000000000e+05
5.052604414522647858e+01,1.119053021073341370e+02,3.480000000000000000e+04,-1.228000000000000000e+05
5.044390000402927399e+01,1.119176082313060760e+02,3.075000000000000000e+04,-1.219000000000000000e+05
5.038708783686161041e+01,1.119089722633361816e+02,2.730000000000000000e+04,-1.212500000000000000e+05
5.031533315777778625e+01,1.119003850966691971e+02,2.545000000000000000e+04,-1.204500000000000000e+05
5.024357847869396210e+01,1.118917979300022125e+02,2.510000000000000000e+04,-1.197500000000000000e+05
5.018270872533321381e+01,1.119095638394355774e+02,2.635000000000000000e+04,-1.189500000000000000e+05
5.012183897197246552e+01,1.119273297488689423e+02,2.820000000000000000e+04,-1.182500000000000000e+05
5.002499483525753021e+01,1.119571689516305923e+02,3.045000000000000000e+04,-1.175500000000000000e+05
4.991698414087295532e+01,1.119607366621494293e+02,3.360000000000000000e+04,-1.168000000000000000e+05
4.989797398447990417e+01,1.119749095290899277e+02,3.720000000000000000e+04,-1.152000000000000000e+05
4.988985136151313782e+01,1.120155159384012222e+02,4.060000000000000000e+04,-1.129500000000000000e+05
4.984515495598316193e+01,1.120506323873996735e+02,4.435000000000000000e+04,-1.095500000000000000e+05
4.976367764174938202e+01,1.120804209262132645e+02,4.865000000000000000e+04,-1.056500000000000000e+05
4.968220032751560211e+01,1.121102094650268555e+02,5.380000000000000000e+04,-1.015500000000000000e+05
4.960072301328182220e+01,1.121399980038404465e+02,5.845000000000000000e+04,-9.720000000000000000e+04
4.955542981624603271e+01,1.121576316654682159e+02,6.285000000000000000e+04,-9.235000000000000000e+04
4.951073341071605682e+01,1.121927481144666672e+02,6.795000000000000000e+04,-8.750000000000000000e+04
4.942925609648227692e+01,1.122225366532802582e+02,7.295000000000000000e+04,-8.270000000000000000e+04
4.943643026053905487e+01,1.122630927711725235e+02,7.750000000000000000e+04,-7.770000000000000000e+04
4.945897161960601807e+01,1.123035985976457596e+02,8.325000000000000000e+04,-7.290000000000000000e+04
4.949621260166168213e+01,1.123265713453292847e+02,8.990000000000000000e+04,-6.800000000000000000e+04
4.955913983285427094e+01,1.123286005109548569e+02,9.625000000000000000e+04,-6.380000000000000000e+04
4.957044981420040131e+01,1.123549517244100571e+02,1.029500000000000000e+05,-5.910000000000000000e+04
4.959670230746269226e+01,1.123812541365623474e+02,1.088000000000000000e+05,-5.490000000000000000e+04
4.962295480072498322e+01,1.124075565487146378e+02,1.131500000000000000e+05,-5.025000000000000000e+04
4.961638003587722778e+01,1.123845636844635010e+02,1.170000000000000000e+05,-4.565000000000000000e+04
4.960980527102947235e+01,1.123615708202123642e+02,1.212000000000000000e+05,-4.095000000000000000e+04
4.965390525758266449e+01,1.123089715838432312e+02,1.242000000000000000e+05,-3.655000000000000000e+04
4.972386509180068970e+01,1.122649483382701874e+02,1.269000000000000000e+05,-3.200000000000000000e+04
4.979382492601871490e+01,1.122209250926971436e+02,1.288500000000000000e+05,-2.825000000000000000e+04
4.992062076926231384e+01,1.121555328369140625e+02,1.306500000000000000e+05,-2.510000000000000000e+04
5.011426433920860291e+01,1.120778840035200119e+02,1.314500000000000000e+05,-2.305000000000000000e+04
5.030790790915489197e+01,1.120002351701259613e+02,1.314500000000000000e+05,-2.160000000000000000e+04
5.050155147910118103e+01,1.119225863367319107e+02,1.293500000000000000e+05,-2.040000000000000000e+04
5.069519504904747009e+01,1.118449375033378601e+02,1.280500000000000000e+05,-1.940000000000000000e+04
5.088943541049957275e+01,1.117847714573144913e+02,1.261000000000000000e+05,-1.890000000000000000e+04
5.108307898044586182e+01,1.117071226239204407e+02,1.228000000000000000e+05,-1.845000000000000000e+04
5.127672255039215088e+01,1.116294737905263901e+02,1.192500000000000000e+05,-1.795000000000000000e+04
5.143379233777523041e+01,1.115463349968194962e+02,1.159500000000000000e+05,-1.765000000000000000e+04
5.157549493014812469e+01,1.114632464945316315e+02,1.113000000000000000e+05,-1.720000000000000000e+04
5.171719752252101898e+01,1.113801579922437668e+02,1.058500000000000000e+05,-1.680000000000000000e+04
5.188458692282438278e+01,1.112761255353689194e+02,1.001000000000000000e+05,-1.640000000000000000e+04
5.207826159894466400e+01,1.111687131226062775e+02,9.485000000000000000e+04,-1.635000000000000000e+04
5.218343548476696014e+01,1.110981047153472900e+02,8.975000000000000000e+04,-1.595000000000000000e+04
5.232573710381984711e+01,1.110325798392295837e+02,8.600000000000000000e+04,-1.595000000000000000e+04
5.248998105525970459e+01,1.109899971634149551e+02,8.270000000000000000e+04,-1.590000000000000000e+04
5.267991125583648682e+01,1.109264709055423737e+02,7.940000000000000000e+04,-1.595000000000000000e+04
5.288082789629697800e+01,1.108595337718725204e+02,7.690000000000000000e+04,-1.575000000000000000e+04
5.303019843995571136e+01,1.108049642294645309e+02,7.525000000000000000e+04,-1.570000000000000000e+04
5.312819592654705048e+01,1.107922822237014771e+02,7.425000000000000000e+04,-1.575000000000000000e+04
5.315846987068653107e+01,1.107745356857776642e+02,7.340000000000000000e+04,-1.580000000000000000e+04
5.315846987068653107e+01,1.107745356857776642e+02,7.320000000000000000e+04,-1.585000000000000000e+04
5.315846987068653107e+01,1.107745356857776642e+02,7.525000000000000000e+04,-1.590000000000000000e+04
5.315846987068653107e+01,1.107745356857776642e+02,7.795000000000000000e+04,-1.590000000000000000e+04
5.315846987068653107e+01,1.107745356857776642e+02,8.080000000000000000e+04,-1.595000000000000000e+04
5.312134213745594025e+01,1.107694521546363831e+02,8.470000000000000000e+04,-1.595000000000000000e+04
5.312134213745594025e+01,1.107694521546363831e+02,8.985000000000000000e+04,-1.595000000000000000e+04
5.312134213745594025e+01,1.107694521546363831e+02,9.560000000000000000e+04,-1.595000000000000000e+04
5.313617847859859467e+01,1.107517570257186890e+02,1.012500000000000000e+05,-1.595000000000000000e+04
5.315101481974124908e+01,1.107340618968009949e+02,1.070500000000000000e+05,-1.595000000000000000e+04
5.316585116088390350e+01,1.107163667678833008e+02,1.134000000000000000e+05,-1.595000000000000000e+04
5.312871243804693222e+01,1.107229143381118774e+02,1.200000000000000000e+05,-1.595000000000000000e+04
5.309157371520996094e+01,1.107294619083404541e+02,1.252000000000000000e+05,-1.595000000000000000e+04
5.315837338566780090e+01,1.106991548091173172e+02,1.306500000000000000e+05,-1.595000000000000000e+04
5.318804532289505005e+01,1.106637641787528992e+02,1.347500000000000000e+05,-1.600000000000000000e+04
5.324340350925922394e+01,1.106074299663305283e+02,1.388500000000000000e+05,-1.645000000000000000e+04
5.326222553849220276e+01,1.105752874165773392e+02,1.419000000000000000e+05,-1.685000000000000000e+04
5.325536075979471207e+01,1.105640888214111328e+02,1.446500000000000000e+05,-1.740000000000000000e+04
5.324849598109722137e+01,1.105528902262449265e+02,1.467000000000000000e+05,-1.790000000000000000e+04
5.331808850169181824e+01,1.104612156748771667e+02,1.484500000000000000e+05,-1.840000000000000000e+04
5.338768102228641510e+01,1.103695411235094070e+02,1.502000000000000000e+05,-1.890000000000000000e+04
5.344702564179897308e+01,1.102987594902515411e+02,1.513500000000000000e+05,-1.935000000000000000e+04
5.353145450353622437e+01,1.101893898099660873e+02,1.510500000000000000e+05,-1.980000000000000000e+04
5.361588336527347565e+01,1.100800201296806335e+02,1.512500000000000000e+05,-2.030000000000000000e+04
5.367462597787380219e+01,1.099915940314531326e+02,1.515500000000000000e+05,-2.075000000000000000e+04
5.377049632370471954e+01,1.099082514643669128e+02,1.513500000000000000e+05,-2.125000000000000000e+04
5.390722639858722687e+01,1.097857836633920670e+02,1.513500000000000000e+05,-2.310000000000000000e+04
5.398140735924243927e+01,1.096973072737455368e+02,1.506500000000000000e+05,-2.555000000000000000e+04
5.404075197875499725e+01,1.096265260130167007e+02,1.503000000000000000e+05,-2.850000000000000000e+04
5.412518084049224854e+01,1.095171559602022171e+02,1.500000000000000000e+05,-3.205000000000000000e+04
5.424707457423210144e+01,1.094123832881450653e+02,1.493500000000000000e+05,-3.580000000000000000e+04
5.436957031488418579e+01,1.093252554535865784e+02,1.486500000000000000e+05,-3.990000000000000000e+04
5.446698442101478577e+01,1.092767972499132156e+02,1.485500000000000000e+05,-4.425000000000000000e+04
5.454896092414855957e+01,1.092283897101879120e+02,1.482000000000000000e+05,-4.865000000000000000e+04
5.463093742728233337e+01,1.091799821704626083e+02,1.478500000000000000e+05,-5.360000000000000000e+04
5.468722768127918243e+01,1.091525182127952576e+02,1.470500000000000000e+05,-5.780000000000000000e+04
5.471690036356449127e+01,1.091171279549598694e+02,1.466500000000000000e+05,-6.230000000000000000e+04
5.474657304584980011e+01,1.090817376971244812e+02,1.466000000000000000e+05,-6.670000000000000000e+04
5.477624572813510895e+01,1.090463474392890930e+02,1.465000000000000000e+05,-7.150000000000000000e+04
5.480652041733264923e+01,1.090286020189523697e+02,1.461500000000000000e+05,-7.630000000000000000e+04
5.483679510653018951e+01,1.090108565986156464e+02,1.457500000000000000e+05,-8.125000000000000000e+04
5.487731769680976868e+01,1.089722182601690292e+02,1.459500000000000000e+05,-8.655000000000000000e+04
5.489275604486465454e+01,1.089721679687500000e+02,1.462500000000000000e+05,-9.230000000000000000e+04
5.488250814378261566e+01,1.089930612593889236e+02,1.464500000000000000e+05,-9.770000000000000000e+04
5.488250814378261566e+01,1.089930612593889236e+02,1.462500000000000000e+05,-1.035500000000000000e+05
5.488250814378261566e+01,1.089930612593889236e+02,1.462500000000000000e+05,-1.094000000000000000e+05
5.480452068150043488e+01,1.090271029621362686e+02,1.461500000000000000e+05,-1.143500000000000000e+05
5.478908233344554901e+01,1.090271532535552979e+02,1.459500000000000000e+05,-1.180500000000000000e+05
5.477364398539066315e+01,1.090272035449743271e+02,1.459000000000000000e+05,-1.216000000000000000e+05
5.473312139511108398e+01,1.090658426284790039e+02,1.458000000000000000e+05,-1.250500000000000000e+05
5.465513393282890320e+01,1.090998843312263489e+02,1.458000000000000000e+05,-1.279500000000000000e+05
5.457714647054672241e+01,1.091339260339736938e+02,1.449500000000000000e+05,-1.309500000000000000e+05
5.452424064278602600e+01,1.091292981058359146e+02,1.440500000000000000e+05,-1.338500000000000000e+05
5.447133481502532959e+01,1.091246701776981354e+02,1.416500000000000000e+05,-1.366000000000000000e+05
5.441842898726463318e+01,1.091200422495603561e+02,1.386000000000000000e+05,-1.386500000000000000e+05
5.436552315950393677e+01,1.091154143214225769e+02,1.355500000000000000e+05,-1.411000000000000000e+05
5.435008481144905090e+01,1.091154646128416061e+02,1.316000000000000000e+05,-1.432500000000000000e+05
5.433464646339416504e+01,1.091155149042606354e+02,1.265000000000000000e+05,-1.453500000000000000e+05
5.431920811533927917e+01,1.091155651956796646e+02,1.216000000000000000e+05,-1.471000000000000000e+05
5.427808351814746857e+01,1.091365590691566467e+02,1.161000000000000000e+05,-1.488500000000000000e+05
5.423756092786788940e+01,1.091751974076032639e+02,1.106500000000000000e+05,-1.504000000000000000e+05
5.415963865816593170e+01,1.092090766876935959e+02,1.051500000000000000e+05,-1.511000000000000000e+05
5.408171638846397400e+01,1.092429559677839279e+02,9.960000000000000000e+04,-1.504000000000000000e+05
5.409256629645824432e+01,1.092397071421146393e+02,9.395000000000000000e+04,-1.494500000000000000e+05
5.409316830337047577e+01,1.092573516070842743e+02,8.850000000000000000e+04,-1.471000000000000000e+05
5.409377031028270721e+01,1.092749960720539093e+02,8.295000000000000000e+04,-1.441500000000000000e+05
5.409437231719493866e+01,1.092926405370235443e+02,7.740000000000000000e+04,-1.405500000000000000e+05
5.409497432410717010e+01,1.093102850019931793e+02,7.200000000000000000e+04,-1.364500000000000000e+05
5.409557633101940155e+01,1.093279294669628143e+02,6.650000000000000000e+04,-1.319000000000000000e+05
5.408446490764617920e+01,1.093198712915182114e+02,6.110000000000000000e+04,-1.267000000000000000e+05
5.407335348427295685e+01,1.093118131160736084e+02,5.560000000000000000e+04,-1.219000000000000000e+05
5.407395549118518829e+01,1.093294575810432434e+02,5.100000000000000000e+04,-1.162000000000000000e+05
5.407455749809741974e+01,1.093471020460128784e+02,4.645000000000000000e+04,-1.098000000000000000e+05
5.407455749809741974e+01,1.093471020460128784e+02,4.340000000000000000e+04,-1.036000000000000000e+05
5.407515950500965118e+01,1.093647465109825134e+02,4.100000000000000000e+04,-9.750000000000000000e+04
5.407576151192188263e+01,1.093823909759521484e+02,3.855000000000000000e+04,-9.140000000000000000e+04
5.407636351883411407e+01,1.094000354409217834e+02,3.705000000000000000e+04,-8.500000000000000000e+04
5.403956584632396698e+01,1.094129208475351334e+02,3.670000000000000000e+04,-7.845000000000000000e+04
5.400276817381381989e+01,1.094258062541484833e+02,3.620000000000000000e+04,-7.205000000000000000e+04
5.404076986014842987e+01,1.094482105225324631e+02,3.625000000000000000e+04,-6.555000000000000000e+04
5.407816953957080841e+01,1.094529703259468079e+02,3.625000000000000000e+04,-5.920000000000000000e+04
5.411556921899318695e+01,1.094577293843030930e+02,3.635000000000000000e+04,-5.325000000000000000e+04
5.415296889841556549e+01,1.094624884426593781e+02,3.645000000000000000e+04,-4.825000000000000000e+04
5.412728264927864075e+01,1.094834320247173309e+02,3.655000000000000000e+04,-4.360000000000000000e+04
5.418019145727157593e+01,1.094881411641836166e+02,3.710000000000000000e+04,-3.995000000000000000e+04
5.423310026526451111e+01,1.094928503036499023e+02,3.865000000000000000e+04,-3.685000000000000000e+04
5.428600907325744629e+01,1.094975594431161880e+02,4.020000000000000000e+04,-3.410000000000000000e+04
5.433891788125038147e+01,1.095022685825824738e+02,4.310000000000000000e+04,-3.245000000000000000e+04
5.435375422239303589e+01,1.094845738261938095e+02,4.695000000000000000e+04,-3.090000000000000000e+04
5.438030399382114410e+01,1.094925817102193832e+02,5.070000000000000000e+04,-2.965000000000000000e+04
5.440685376524925232e+01,1.095005895942449570e+02,5.535000000000000000e+04,-2.815000000000000000e+04
5.444737635552883148e+01,1.094619512557983398e+02,6.025000000000000000e+04,-2.715000000000000000e+04
5.448789894580841064e+01,1.094233129173517227e+02,6.515000000000000000e+04,-2.680000000000000000e+04
5.452902354300022125e+01,1.094023190438747406e+02,7.050000000000000000e+04,-2.630000000000000000e+04
5.456954613327980042e+01,1.093636807054281235e+02,7.565000000000000000e+04,-2.570000000000000000e+04
5.458438247442245483e+01,1.093459859490394592e+02,8.190000000000000000e+04,-2.510000000000000000e+04
5.459921881556510925e+01,1.093282911926507950e+02,8.770000000000000000e+04,-2.500000000000000000e+04
5.468892231583595276e+01,1.093200337141752243e+02,9.320000000000000000e+04,-2.495000000000000000e+04
5.477862581610679626e+01,1.093117762356996536e+02,9.875000000000000000e+04,-2.475000000000000000e+04
5.479292534291744232e+01,1.092762738466262817e+02,1.048500000000000000e+05,-2.470000000000000000e+04
5.482273399829864502e+01,1.092407204210758209e+02,1.110000000000000000e+05,-2.460000000000000000e+04
5.488994233310222626e+01,1.092099267989397049e+02,1.171000000000000000e+05,-2.465000000000000000e+04
5.495654605329036713e+01,1.091614075005054474e+02,1.228000000000000000e+05,-2.450000000000000000e+04
5.503865815699100494e+01,1.091128371655941010e+02,1.283500000000000000e+05,-2.450000000000000000e+04
5.506786145269870758e+01,1.090595576912164688e+02,1.325500000000000000e+05,-2.465000000000000000e+04
5.510724261403083801e+01,1.089853856712579727e+02,1.343000000000000000e+05,-2.500000000000000000e+04
5.516213215887546539e+01,1.089111626148223877e+02,1.354000000000000000e+05,-2.490000000000000000e+04
5.521702170372009277e+01,1.088369395583868027e+02,1.342000000000000000e+05,-2.490000000000000000e+04
5.528429746627807617e+01,1.088060639798641205e+02,1.321500000000000000e+05,-2.495000000000000000e+04
5.537725947797298431e+01,1.087542448192834854e+02,1.290000000000000000e+05,-2.475000000000000000e+04
5.547022148966789246e+01,1.087024256587028503e+02,1.247000000000000000e+05,-2.475000000000000000e+04
5.553749725222587585e+01,1.086715500801801682e+02,1.201500000000000000e+05,-2.470000000000000000e+04
5.556357838213443756e+01,1.086616691201925278e+02,1.150500000000000000e+05,-2.470000000000000000e+04
5.558965951204299927e+01,1.086517881602048874e+02,1.091000000000000000e+05,-2.480000000000000000e+04
5.561574064195156097e+01,1.086419072002172470e+02,1.034500000000000000e+05,-2.500000000000000000e+04
5.566750802099704742e+01,1.086110826581716537e+02,9.690000000000000000e+04,-2.525000000000000000e+04
5.575680844485759735e+01,1.085847739130258560e+02,9.050000000000000000e+04,-2.530000000000000000e+04
5.579679459333419800e+01,1.085283275693655014e+02,8.440000000000000000e+04,-2.520000000000000000e+04
5.583678074181079865e+01,1.084718812257051468e+02,7.745000000000000000e+04,-2.505000000000000000e+04
5.587737150490283966e+01,1.084331609308719635e+02,7.080000000000000000e+04,-2.505000000000000000e+04
5.590245313942432404e+01,1.083944916725158691e+02,6.395000000000000000e+04,-2.495000000000000000e+04
5.592753477394580841e+01,1.083558224141597748e+02,5.725000000000000000e+04,-2.490000000000000000e+04
5.597890783101320267e+01,1.083139348775148392e+02,5.185000000000000000e+04,-2.510000000000000000e+04
5.601477250456809998e+01,1.082720983773469925e+02,4.765000000000000000e+04,-2.530000000000000000e+04
5.602495037019252777e+01,1.082512058317661285e+02,4.515000000000000000e+04,-2.535000000000000000e+04
5.602495037019252777e+01,1.082512058317661285e+02,4.410000000000000000e+04,-2.530000000000000000e+04
5.600944198668003082e+01,1.082512568682432175e+02,4.455000000000000000e+04,-2.550000000000000000e+04
5.596824735403060913e+01,1.082722514867782593e+02,4.595000000000000000e+04,-2.555000000000000000e+04
5.595273897051811218e+01,1.082723025232553482e+02,4.790000000000000000e+04,-2.550000000000000000e+04
5.591154433786869049e+01,1.082932971417903900e+02,5.100000000000000000e+04,-2.555000000000000000e+04
5.587034970521926880e+01,1.083142917603254318e+02,5.425000000000000000e+04,-2.570000000000000000e+04
5.582915507256984711e+01,1.083352863788604736e+02,5.845000000000000000e+04,-2.585000000000000000e+04
5.582915507256984711e+01,1.083352863788604736e+02,6.265000000000000000e+04,-2.595000000000000000e+04
5.588226765394210815e+01,1.083397511392831802e+02,6.780000000000000000e+04,-2.585000000000000000e+04
5.593538023531436920e+01,1.083442158997058868e+02,7.285000000000000000e+04,-2.570000000000000000e+04
5.595088861882686615e+01,1.083441648632287979e+02,7.710000000000000000e+04,-2.645000000000000000e+04
5.595455020666122437e+01,1.083186544477939606e+02,8.010000000000000000e+04,-2.825000000000000000e+04
5.597005859017372131e+01,1.083186034113168716e+02,8.215000000000000000e+04,-3.095000000000000000e+04
5.594437234103679657e+01,1.083395469933748245e+02,8.510000000000000000e+04,-3.430000000000000000e+04
5.593419447541236877e+01,1.083604395389556885e+02,8.710000000000000000e+04,-3.780000000000000000e+04
5.592401660978794098e+01,1.083813320845365524e+02,8.785000000000000000e+04,-4.115000000000000000e+04
5.593952499330043793e+01,1.083812810480594635e+02,8.800000000000000000e+04,-4.475000000000000000e+04
5.588875655084848404e+01,1.084408942610025406e+02,8.720000000000000000e+04,-4.860000000000000000e+04
5.583798810839653015e+01,1.085005074739456177e+02,8.540000000000000000e+04,-5.245000000000000000e+04
5.581290647387504578e+01,1.085391767323017120e+02,8.190000000000000000e+04,-5.630000000000000000e+04
5.578782483935356140e+01,1.085778459906578064e+02,7.960000000000000000e+04,-6.010000000000000000e+04
5.578842945396900177e+01,1.085955716669559479e+02,7.585000000000000000e+04,-6.390000000000000000e+04
5.581472031772136688e+01,1.085923537611961365e+02,7.215000000000000000e+04,-6.780000000000000000e+04
5.584101118147373199e+01,1.085891358554363251e+02,6.730000000000000000e+04,-7.175000000000000000e+04
5.586730204522609711e+01,1.085859179496765137e+02,6.280000000000000000e+04,-7.570000000000000000e+04
5.589359290897846222e+01,1.085827000439167023e+02,5.850000000000000000e+04,-7.955000000000000000e+04
5.590437464416027069e+01,1.085795331746339798e+02,5.290000000000000000e+04,-8.340000000000000000e+04
5.591515637934207916e+01,1.085763663053512573e+02,4.710000000000000000e+04,-8.715000000000000000e+04
5.587282553315162659e+01,1.085687346756458282e+02,4.260000000000000000e+04,-9.105000000000000000e+04
5.583049468696117401e+01,1.085611030459403992e+02,3.860000000000000000e+04,-9.495000000000000000e+04
5.577346682548522949e+01,1.085710853338241577e+02,3.530000000000000000e+04,-9.785000000000000000e+04
5.569075271487236023e+01,1.086020112037658691e+02,3.450000000000000000e+04,-9.970000000000000000e+04
5.560803860425949097e+01,1.086329370737075806e+02,3.510000000000000000e+04,-1.009500000000000000e+05
5.560391619801521301e+01,1.086475469172000885e+02,3.580000000000000000e+04,-1.016000000000000000e+05
5.554688833653926849e+01,1.086575292050838470e+02,3.665000000000000000e+04,-1.019000000000000000e+05
5.548986047506332397e+01,1.086675114929676056e+02,3.905000000000000000e+04,-1.024000000000000000e+05
5.543283317238092422e+01,1.086774934083223343e+02,4.255000000000000000e+04,-1.026000000000000000e+05
5.536502283066511154e+01,1.086906425654888153e+02,4.615000000000000000e+04,-1.025000000000000000e+05
5.529721248894929886e+01,1.087037917226552963e+02,5.005000000000000000e+04,-1.024000000000000000e+05
5.526679921895265579e+01,1.087216194719076157e+02,5.495000000000000000e+04,-1.023500000000000000e+05
5.519898887723684311e+01,1.087347686290740967e+02,5.875000000000000000e+04,-1.023000000000000000e+05
5.510549228638410568e+01,1.087688613682985306e+02,6.320000000000000000e+04,-1.022500000000000000e+05
5.501199569553136826e+01,1.088029541075229645e+02,6.845000000000000000e+04,-1.021000000000000000e+05
5.491849910467863083e+01,1.088370468467473984e+02,7.365000000000000000e+04,-1.020500000000000000e+05
5.485008712857961655e+01,1.088325511664152145e+02,7.845000000000000000e+04,-1.020000000000000000e+05
5.475659053772687912e+01,1.088666439056396484e+02,8.170000000000000000e+04,-1.019500000000000000e+05
5.467860307544469833e+01,1.089006856083869934e+02,8.435000000000000000e+04,-1.018500000000000000e+05
5.462630186229944229e+01,1.089137837290763855e+02,8.770000000000000000e+04,-1.017500000000000000e+05
5.454831440001726151e+01,1.089478254318237305e+02,8.875000000000000000e+04,-1.017000000000000000e+05
5.447032693773508072e+01,1.089818671345710754e+02,8.820000000000000000e+04,-1.016000000000000000e+05
5.447032693773508072e+01,1.089818671345710754e+02,8.730000000000000000e+04,-1.015500000000000000e+05
5.447032693773508072e+01,1.089818671345710754e+02,8.555000000000000000e+04,-1.015500000000000000e+05
5.447032693773508072e+01,1.089818671345710754e+02,8.340000000000000000e+04,-1.015500000000000000e+05
5.445861667394638062e+01,1.089562445878982544e+02,7.995000000000000000e+04,-1.015000000000000000e+05
5.448430348187685013e+01,1.089353006333112717e+02,7.705000000000000000e+04,-1.014500000000000000e+05
5.448430348187685013e+01,1.089353006333112717e+02,7.395000000000000000e+04,-1.014500000000000000e+05
5.445861667394638062e+01,1.089562445878982544e+02,6.945000000000000000e+04,-1.014500000000000000e+05
5.448430292308330536e+01,1.089353010058403015e+02,6.565000000000000000e+04,-1.014500000000000000e+05
5.450998917222023010e+01,1.089143574237823486e+02,6.090000000000000000e+04,-1.014000000000000000e+05
5.449827834963798523e+01,1.088887352496385574e+02,5.620000000000000000e+04,-1.013500000000000000e+05
5.452396459877490997e+01,1.088677916675806046e+02,5.135000000000000000e+04,-1.013500000000000000e+05
5.453481450676918030e+01,1.088645432144403458e+02,4.575000000000000000e+04,-1.007000000000000000e+05
5.450454019010066986e+01,1.088822890073060989e+02,3.995000000000000000e+04,-1.001500000000000000e+05
5.447426587343215942e+01,1.089000348001718521e+02,3.480000000000000000e+04,-9.950000000000000000e+04
5.440407097339630127e+01,1.089740645140409470e+02,2.920000000000000000e+04,-9.855000000000000000e+04
5.441033374518156052e+01,1.089676182717084885e+02,2.530000000000000000e+04,-9.765000000000000000e+04
5.441659651696681976e+01,1.089611720293760300e+02,2.270000000000000000e+04,-9.665000000000000000e+04
5.431892871856689453e+01,1.089918233454227448e+02,2.005000000000000000e+04,-9.555000000000000000e+04
5.426923036575317383e+01,1.090240672230720520e+02,1.710000000000000000e+04,-9.435000000000000000e+04
5.421953201293945312e+01,1.090563111007213593e+02,1.595000000000000000e+04,-9.325000000000000000e+04
5.405474975705146790e+01,1.090997043997049332e+02,1.515000000000000000e+04,-9.195000000000000000e+04
5.388996750116348267e+01,1.091430976986885071e+02,1.405000000000000000e+04,-9.060000000000000000e+04
5.375862233340740204e+01,1.092349749058485031e+02,1.230000000000000000e+04,-8.910000000000000000e+04
5.358675438910722733e+01,1.093654911965131760e+02,1.195000000000000000e+04,-8.750000000000000000e+04
5.341488644480705261e+01,1.094960074871778488e+02,1.145000000000000000e+04,-8.575000000000000000e+04
5.321649350225925446e+01,1.096005458384752274e+02,1.085000000000000000e+04,-8.390000000000000000e+04
5.300273336470127106e+01,1.097051344811916351e+02,1.100000000000000000e+04,-8.220000000000000000e+04
5.278897322714328766e+01,1.098097231239080429e+02,1.060000000000000000e+04,-8.070000000000000000e+04
5.257581248879432678e+01,1.099318757653236389e+02,1.085000000000000000e+04,-7.950000000000000000e+04
5.231065042316913605e+01,1.100489120930433273e+02,1.090000000000000000e+04,-7.830000000000000000e+04
5.204548835754394531e+01,1.101659484207630157e+02,1.090000000000000000e+04,-7.710000000000000000e+04
5.185748264193534851e+01,1.102495126426219940e+02,1.170000000000000000e+04,-7.710000000000000000e+04
5.171060115098953247e+01,1.103120826184749603e+02,1.180000000000000000e+04,-7.715000000000000000e+04
5.151178985834121704e+01,1.103695366531610489e+02,1.185000000000000000e+04,-7.750000000000000000e+04
5.131311453878879547e+01,1.104268282651901245e+02,1.240000000000000000e+04,-7.795000000000000000e+04
5.106306616216897964e+01,1.105260074138641357e+02,1.275000000000000000e+04,-7.835000000000000000e+04
5.079772099852561951e+01,1.106252368539571762e+02,1.275000000000000000e+04,-7.915000000000000000e+04
5.061062015593051910e+01,1.107083123177289963e+02,1.280000000000000000e+04,-8.030000000000000000e+04
5.036025345325469971e+01,1.107898451387882233e+02,1.360000000000000000e+04,-8.180000000000000000e+04
5.013616941869258881e+01,1.108679171651601791e+02,1.380000000000000000e+04,-8.305000000000000000e+04
5.000148303806781769e+01,1.109557833522558212e+02,1.390000000000000000e+04,-8.470000000000000000e+04
4.981521405279636383e+01,1.110383708029985428e+02,1.415000000000000000e+04,-8.670000000000000000e+04
4.959522485733032227e+01,1.110724754631519318e+02,1.495000000000000000e+04,-8.870000000000000000e+04
4.939007163047790527e+01,1.110888849943876266e+02,1.565000000000000000e+04,-9.125000000000000000e+04
4.918050505220890045e+01,1.111316163092851639e+02,1.600000000000000000e+04,-9.390000000000000000e+04
4.899798929691314697e+01,1.111705601215362549e+02,1.665000000000000000e+04,-9.665000000000000000e+04
4.883084073662757874e+01,1.112094536423683167e+02,1.740000000000000000e+04,-9.915000000000000000e+04
4.868454262614250183e+01,1.112538084387779236e+02,1.795000000000000000e+04,-1.014500000000000000e+05
4.847647622227668762e+01,1.113135337829589844e+02,1.845000000000000000e+04,-1.039500000000000000e+05
4.832041114568710327e+01,1.113783754408359528e+02,1.895000000000000000e+04,-1.061500000000000000e+05
4.814912080764770508e+01,1.114432670176029205e+02,1.965000000000000000e+04,-1.083000000000000000e+05
4.790087826550006866e+01,1.115413874387741089e+02,1.985000000000000000e+04,-1.098500000000000000e+05
4.765263572335243225e+01,1.116395078599452972e+02,1.935000000000000000e+04,-1.110000000000000000e+05
4.741575941443443298e+01,1.117163263261318207e+02,1.965000000000000000e+04,-1.115500000000000000e+05
4.719358310103416443e+01,1.117756117135286331e+02,1.975000000000000000e+04,-1.123500000000000000e+05
4.704776369035243988e+01,1.118194788694381714e+02,1.995000000000000000e+04,-1.131500000000000000e+05
4.681116566061973572e+01,1.118961345404386520e+02,1.970000000000000000e+04,-1.137000000000000000e+05
4.657456763088703156e+01,1.119727902114391327e+02,1.970000000000000000e+04,-1.134000000000000000e+05
4.636379741132259369e+01,1.120285019278526306e+02,1.965000000000000000e+04,-1.128500000000000000e+05
4.608590342104434967e+01,1.121086679399013519e+02,1.875000000000000000e+04,-1.124500000000000000e+05
4.580800943076610565e+01,1.121888339519500732e+02,1.870000000000000000e+04,-1.115500000000000000e+05
4.551660008728504181e+01,1.122859619557857513e+02,1.865000000000000000e+04,-1.104500000000000000e+05
4.522547386586666107e+01,1.123830888420343399e+02,1.860000000000000000e+04,-1.093000000000000000e+05
4.491926357150077820e+01,1.124802652746438980e+02,1.800000000000000000e+04,-1.074500000000000000e+05
4.460297077894210815e+01,1.125684093683958054e+02,1.760000000000000000e+04,-1.056500000000000000e+05
4.426158536225557327e+01,1.126596055924892426e+02,1.715000000000000000e+04,-1.038000000000000000e+05
4.392019994556903839e+01,1.127508018165826797e+02,1.660000000000000000e+04,-1.020000000000000000e+05
4.357863776385784149e+01,1.128596451133489609e+02,1.530000000000000000e+04,-9.995000000000000000e+04
4.324812982231378555e+01,1.129297032952308655e+02,1.475000000000000000e+04,-9.745000000000000000e+04
4.291762188076972961e+01,1.129997614771127701e+02,1.555000000000000000e+04,-9.520000000000000000e+04
4.260233920067548752e+01,1.130697697401046753e+02,1.655000000000000000e+04,-9.295000000000000000e+04
4.230168871581554413e+01,1.131223261356353760e+02,1.860000000000000000e+04,-9.075000000000000000e+04
4.200103823095560074e+01,1.131748825311660767e+02,2.145000000000000000e+04,-8.890000000000000000e+04
4.176663774996995926e+01,1.132329132407903671e+02,2.380000000000000000e+04,-8.735000000000000000e+04
4.150655083358287811e+01,1.133118875324726105e+02,2.650000000000000000e+04,-8.580000000000000000e+04
4.117010701447725296e+01,1.134062800556421280e+02,2.945000000000000000e+04,-8.420000000000000000e+04
4.100104365497827530e+01,1.134700305759906769e+02,3.315000000000000000e+04,-8.260000000000000000e+04
4.077126048505306244e+01,1.135487433522939682e+02,3.645000000000000000e+04,-8.160000000000000000e+04
4.055663216859102249e+01,1.136274065822362900e+02,4.040000000000000000e+04,-8.055000000000000000e+04
4.040853139013051987e+01,1.136641327291727066e+02,4.525000000000000000e+04,-7.965000000000000000e+04
4.026043061167001724e+01,1.137008588761091232e+02,4.930000000000000000e+04,-7.900000000000000000e+04
4.017742779105901718e+01,1.137259017676115036e+02,5.340000000000000000e+04,-7.820000000000000000e+04
4.006815329194068909e+01,1.137547291815280914e+02,5.760000000000000000e+04,-7.755000000000000000e+04
3.999964930117130280e+01,1.137625634670257568e+02,6.250000000000000000e+04,-7.720000000000000000e+04
3.994564116001129150e+01,1.137531083077192307e+02,6.715000000000000000e+04,-7.685000000000000000e+04
3.999200109392404556e+01,1.137552730739116669e+02,7.175000000000000000e+04,-7.650000000000000000e+04
4.003836102783679962e+01,1.137574378401041031e+02,7.715000000000000000e+04,-7.625000000000000000e+04
4.000325947999954224e+01,1.137515380978584290e+02,8.260000000000000000e+04,-7.620000000000000000e+04
4.004395883530378342e+01,1.137305453419685364e+02,8.810000000000000000e+04,-7.620000000000000000e+04
4.008465819060802460e+01,1.137095525860786438e+02,9.225000000000000000e+04,-7.620000000000000000e+04
4.012535754591226578e+01,1.136885598301887512e+02,9.620000000000000000e+04,-7.625000000000000000e+04
4.020115844905376434e+01,1.136734668165445328e+02,9.800000000000000000e+04,-7.630000000000000000e+04
4.027695935219526291e+01,1.136583738029003143e+02,9.865000000000000000e+04,-7.630000000000000000e+04
4.029197227209806442e+01,1.136583246290683746e+02,9.840000000000000000e+04,-7.630000000000000000e+04
4.033267162740230560e+01,1.136373318731784821e+02,9.795000000000000000e+04,-7.630000000000000000e+04
4.037337098270654678e+01,1.136163391172885895e+02,9.690000000000000000e+04,-7.625000000000000000e+04
4.038786683231592178e+01,1.135990492999553680e+02,9.420000000000000000e+04,-7.630000000000000000e+04
4.042798094451427460e+01,1.135608974844217300e+02,9.150000000000000000e+04,-7.635000000000000000e+04
4.046809505671262741e+01,1.135227456688880920e+02,8.805000000000000000e+04,-7.640000000000000000e+04
4.048252273350954056e+01,1.135055374354124069e+02,8.445000000000000000e+04,-7.635000000000000000e+04
4.053205195814371109e+01,1.134942289441823959e+02,8.010000000000000000e+04,-7.630000000000000000e+04
4.058158118277788162e+01,1.134829204529523849e+02,7.635000000000000000e+04,-7.635000000000000000e+04
4.062228053808212280e+01,1.134619276970624924e+02,7.265000000000000000e+04,-7.635000000000000000e+04
4.063729345798492432e+01,1.134618785232305527e+02,6.860000000000000000e+04,-7.640000000000000000e+04
4.065230637788772583e+01,1.134618293493986130e+02,6.360000000000000000e+04,-7.645000000000000000e+04
4.062662012875080109e+01,1.134827729314565659e+02,5.905000000000000000e+04,-7.650000000000000000e+04
4.060093387961387634e+01,1.135037165135145187e+02,5.365000000000000000e+04,-7.650000000000000000e+04
4.066172167658805847e+01,1.134886726737022400e+02,4.820000000000000000e+04,-7.655000000000000000e+04
4.068740848451852798e+01,1.134677287191152573e+02,4.255000000000000000e+04,-7.655000000000000000e+04
4.071309529244899750e+01,1.134467847645282745e+02,3.700000000000000000e+04,-7.660000000000000000e+04
4.073370099067687988e+01,1.134699743241071701e+02,3.140000000000000000e+04,-7.660000000000000000e+04
4.071920514106750488e+01,1.134872641414403915e+02,2.655000000000000000e+04,-7.655000000000000000e+04
4.064398948103189468e+01,1.135195162147283554e+02,2.350000000000000000e+04,-7.655000000000000000e+04
4.055390004068613052e+01,1.135517358779907227e+02,2.105000000000000000e+04,-7.660000000000000000e+04
4.046381060034036636e+01,1.135839555412530899e+02,1.795000000000000000e+04,-7.655000000000000000e+04
4.037924222648143768e+01,1.136394143104553223e+02,1.535000000000000000e+04,-7.655000000000000000e+04
4.025957230478525162e+01,1.136889733374118805e+02,1.410000000000000000e+04,-7.645000000000000000e+04
4.014018084853887558e+01,1.137383688241243362e+02,1.330000000000000000e+04,-7.625000000000000000e+04
4.002078939229249954e+01,1.137877643108367920e+02,1.280000000000000000e+04,-7.555000000000000000e+04
3.991214167326688766e+01,1.138162653893232346e+02,1.155000000000000000e+04,-7.485000000000000000e+04
3.971340395510196686e+01,1.138769868761301041e+02,1.120000000000000000e+04,-7.415000000000000000e+04
3.951466623693704605e+01,1.139377083629369736e+02,1.050000000000000000e+04,-7.325000000000000000e+04
3.936177399009466171e+01,1.139834348112344742e+02,9.800000000000000000e+03,-7.235000000000000000e+04
3.919393960386514664e+01,1.140292100608348846e+02,8.550000000000000000e+03,-7.135000000000000000e+04
3.902610521763563156e+01,1.140749853104352951e+02,8.250000000000000000e+03,-7.035000000000000000e+04
3.880880922079086304e+01,1.141319882124662399e+02,7.450000000000000000e+03,-6.930000000000000000e+04
3.857657089829444885e+01,1.141890402883291245e+02,6.750000000000000000e+03,-6.810000000000000000e+04
3.831864632666110992e+01,1.142670359462499619e+02,7.300000000000000000e+03,-6.690000000000000000e+04
3.804661761969327927e+01,1.143447544425725937e+02,6.650000000000000000e+03,-6.575000000000000000e+04
3.773461095988750458e+01,1.144604623317718506e+02,5.950000000000000000e+03,-6.450000000000000000e+04
3.742768540978431702e+01,1.145320367068052292e+02,5.350000000000000000e+03,-6.325000000000000000e+04
3.714644610881805420e+01,1.145826674997806549e+02,5.550000000000000000e+03,-6.210000000000000000e+04
3.692592661827802658e+01,1.146183360368013382e+02,4.800000000000000000e+03,-6.095000000000000000e+04
3.671482466161251068e+01,1.146809291094541550e+02,4.100000000000000000e+03,-5.975000000000000000e+04
3.651511743664741516e+01,1.147396247833967209e+02,4.050000000000000000e+03,-5.825000000000000000e+04
3.630988914519548416e+01,1.147750813513994217e+02,3.750000000000000000e+03,-5.675000000000000000e+04
3.608978912234306335e+01,1.148105863481760025e+02,3.450000000000000000e+03,-5.520000000000000000e+04
3.589022047817707062e+01,1.148692008107900620e+02,2.850000000000000000e+03,-5.385000000000000000e+04
3.569065183401107788e+01,1.149278152734041214e+02,2.100000000000000000e+03,-5.295000000000000000e+04
3.548033945262432098e+01,1.150073241442441940e+02,2.000000000000000000e+03,-5.200000000000000000e+04
3.526207450777292252e+01,1.150592561811208725e+02,1.850000000000000000e+03,-5.110000000000000000e+04
3.504380956292152405e+01,1.151111882179975510e+02,1.400000000000000000e+03,-5.015000000000000000e+04
3.484915830194950104e+01,1.152075640857219696e+02,8.500000000000000000e+02,-4.930000000000000000e+04
3.466944918036460876e+01,1.153038911521434784e+02,8.500000000000000000e+02,-4.860000000000000000e+04
3.447544835507869720e+01,1.154172644019126892e+02,1.600000000000000000e+03,-4.750000000000000000e+04
3.427355792373418808e+01,1.155028175562620163e+02,2.850000000000000000e+03,-4.655000000000000000e+04
3.407238628715276718e+01,1.156052865087985992e+02,4.300000000000000000e+03,-4.560000000000000000e+04
3.387121465057134628e+01,1.157077554613351822e+02,5.250000000000000000e+03,-4.470000000000000000e+04
3.372771758586168289e+01,1.158612187951803207e+02,6.850000000000000000e+03,-4.380000000000000000e+04
3.362419847398996353e+01,1.159766927361488342e+02,9.100000000000000000e+03,-4.285000000000000000e+04
3.350029494613409042e+01,1.161319792270660400e+02,1.115000000000000000e+04,-4.205000000000000000e+04
3.335070516914129257e+01,1.163082093000411987e+02,1.315000000000000000e+04,-4.115000000000000000e+04
3.320111539214849472e+01,1.164844393730163574e+02,1.550000000000000000e+04,-4.030000000000000000e+04
3.313757126268587427e+01,1.165469971142317149e+02,1.631578947368420995e+04,-3.963157894736841990e+04
3.305430586139360827e+01,1.166208361585934909e+02,1.722222222222222263e+04,-3.927777777777778101e+04
3.296124453053754877e+01,1.167033621493507809e+02,1.823529411764705947e+04,-3.894117647058823786e+04
3.287514019757509232e+01,1.167961433529853821e+02,1.937500000000000000e+04,-3.862500000000000000e+04
3.279661089181900024e+01,1.168785671393076626e+02,2.066666666666666788e+04,-3.813333333333333576e+04
3.270686311381204092e+01,1.169727657522473976e+02,2.214285714285714130e+04,-3.764285714285714494e+04
3.260330798534246810e+01,1.170814564594855653e+02,2.400000000000000000e+04,-3.723076923076923413e+04
3.258739536007245619e+01,1.171906900902589115e+02,2.600000000000000000e+04,-3.666666666666666424e+04
3.256858953020789471e+01,1.173197843811728802e+02,2.836363636363636397e+04,-3.636363636363636033e+04
