2.028220558166503906e+01, 1.113695144653320312e+02, 1.013101348876953125e+02, -1.001132354736328125e+02
2.025904083251953125e+01, 1.113718566894531250e+02, 9.960791778564453125e+01, -1.000151443481445312e+02
2.030408477783203125e+01, 1.115047912597656250e+02, 1.008214721679687500e+02, -1.015843353271484375e+02
2.035459136962890625e+01, 1.113629531860351562e+02, 1.019747467041015625e+02, -9.862485504150390625e+01
2.033093833923339844e+01, 1.112629928588867188e+02, 1.023401718139648438e+02, -9.726230621337890625e+01
2.035646820068359375e+01, 1.112320480346679688e+02, 1.026418838500976562e+02, -9.743822479248046875e+01
2.030699157714843750e+01, 1.112401199340820312e+02, 1.036879882812500000e+02, -9.958297729492187500e+01
2.031239700317382812e+01, 1.111665725708007812e+02, 1.031592330932617188e+02, -1.011126022338867188e+02
2.028996086120605469e+01, 1.111667251586914062e+02, 1.040260620117187500e+02, -1.019687194824218750e+02
2.033758544921875000e+01, 1.110246353149414062e+02, 1.049679565429687500e+02, -1.002903900146484375e+02
2.038151550292968750e+01, 1.108837356567382812e+02, 1.049673156738281250e+02, -1.019641494750976562e+02
2.036215019226074219e+01, 1.108817214965820312e+02, 1.056689376831054688e+02, -1.014206542968750000e+02
2.035878944396972656e+01, 1.108752517700195312e+02, 1.062907867431640625e+02, -1.021289443969726562e+02
2.034392356872558594e+01, 1.109204254150390625e+02, 1.067729415893554688e+02, -1.054513320922851562e+02
2.032263374328613281e+01, 1.110179138183593750e+02, 1.071419219970703125e+02, -1.056716308593750000e+02
2.025463485717773438e+01, 1.109735488891601562e+02, 1.068769683837890625e+02, -1.049587860107421875e+02
2.024450683593750000e+01, 1.109138412475585938e+02, 1.064592285156250000e+02, -1.050884780883789062e+02
2.026024055480957031e+01, 1.108275146484375000e+02, 1.069472274780273438e+02, -1.039304122924804688e+02
2.025527381896972656e+01, 1.106682662963867188e+02, 1.086918792724609375e+02, -1.060273284912109375e+02
2.028516769409179688e+01, 1.106323394775390625e+02, 1.079428634643554688e+02, -1.062639389038085938e+02
2.024993324279785156e+01, 1.106612243652343750e+02, 1.089199981689453125e+02, -1.070838241577148438e+02
2.023403358459472656e+01, 1.106674118041992188e+02, 1.104473419189453125e+02, -1.070432052612304688e+02
2.028157234191894531e+01, 1.104920196533203125e+02, 1.103892593383789062e+02, -1.083315811157226562e+02
2.025954437255859375e+01, 1.104737625122070312e+02, 1.106954727172851562e+02, -1.084662017822265625e+02
2.023316955566406250e+01, 1.104716796875000000e+02, 1.105749282836914062e+02, -1.090684432983398438e+02
2.022109031677246094e+01, 1.103931503295898438e+02, 1.108192367553710938e+02, -1.097493209838867188e+02
2.024330329895019531e+01, 1.103034286499023438e+02, 1.108396301269531250e+02, -1.106159133911132812e+02
2.021317481994628906e+01, 1.103147888183593750e+02, 1.110318756103515625e+02, -1.104859390258789062e+02
2.021399688720703125e+01, 1.103059844970703125e+02, 1.102826766967773438e+02, -1.116602859497070312e+02
2.023817253112792969e+01, 1.102243804931640625e+02, 1.112661895751953125e+02, -1.117186660766601562e+02
2.021716499328613281e+01, 1.101715850830078125e+02, 1.113707122802734375e+02, -1.127254943847656250e+02
2.019715881347656250e+01, 1.101446838378906250e+02, 1.117401351928710938e+02, -1.138088531494140625e+02
2.019822692871093750e+01, 1.101140518188476562e+02, 1.117648162841796875e+02, -1.142020034790039062e+02
2.019828414916992188e+01, 1.101175003051757812e+02, 1.127083358764648438e+02, -1.151251296997070312e+02
2.015584754943847656e+01, 1.100723648071289062e+02, 1.127637939453125000e+02, -1.158216247558593750e+02
2.018663024902343750e+01, 1.100185394287109375e+02, 1.125686035156250000e+02, -1.165426635742187500e+02
2.017022514343261719e+01, 1.100440597534179688e+02, 1.131032562255859375e+02, -1.178815231323242188e+02
2.017488670349121094e+01, 1.100324401855468750e+02, 1.136322555541992188e+02, -1.181243438720703125e+02
2.021141052246093750e+01, 1.099731063842773438e+02, 1.132448654174804688e+02, -1.186042098999023438e+02
2.020031547546386719e+01, 1.099863281250000000e+02, 1.114215774536132812e+02, -1.160141448974609375e+02
2.021022224426269531e+01, 1.100076904296875000e+02, 1.095260467529296875e+02, -1.146176605224609375e+02
2.021537971496582031e+01, 1.100018615722656250e+02, 1.077163925170898438e+02, -1.127655105590820312e+02
2.021852302551269531e+01, 1.099960632324218750e+02, 1.059359130859375000e+02, -1.109299621582031250e+02
2.022351074218750000e+01, 1.099903945922851562e+02, 1.041693115234375000e+02, -1.091261444091796875e+02
2.022675132751464844e+01, 1.099864578247070312e+02, 1.024164123535156250e+02, -1.073172225952148438e+02
2.023295974731445312e+01, 1.099748611450195312e+02, 1.004586334228515625e+02, -1.056324691772460938e+02
2.023454666137695312e+01, 1.099692535400390625e+02, 9.873080444335937500e+01, -1.038519287109375000e+02
2.024851989746093750e+01, 1.099729537963867188e+02, 9.705792999267578125e+01, -1.018831253051757812e+02
2.025223350524902344e+01, 1.099686279296875000e+02, 9.530212402343750000e+01, -1.000646209716796875e+02
2.025334930419921875e+01, 1.099642944335937500e+02, 9.362936401367187500e+01, -9.833450317382812500e+01
2.025585746765136719e+01, 1.099592666625976562e+02, 9.198570251464843750e+01, -9.666403961181640625e+01
2.027275276184082031e+01, 1.099651794433593750e+02, 9.008219146728515625e+01, -9.521979522705078125e+01
2.030490875244140625e+01, 1.099188613891601562e+02, 8.792252349853515625e+01, -9.352807617187500000e+01
2.029563713073730469e+01, 1.099326629638671875e+02, 8.615370941162109375e+01, -9.181855010986328125e+01
2.031421089172363281e+01, 1.099464187622070312e+02, 8.418464660644531250e+01, -9.060115051269531250e+01
2.031790924072265625e+01, 1.099422454833984375e+02, 8.256929779052734375e+01, -8.894155883789062500e+01
2.032250404357910156e+01, 1.099406051635742188e+02, 8.103929138183593750e+01, -8.737004089355468750e+01
2.033681488037109375e+01, 1.099401626586914062e+02, 7.948513031005859375e+01, -8.615865325927734375e+01
2.034086418151855469e+01, 1.099383239746093750e+02, 7.788080596923828125e+01, -8.453834533691406250e+01
2.034474754333496094e+01, 1.099365768432617188e+02, 7.635131072998046875e+01, -8.297712707519531250e+01
2.042276382446289062e+01, 1.099503479003906250e+02, 7.564311218261718750e+01, -8.325559234619140625e+01
2.049670982360839844e+01, 1.099241867065429688e+02, 7.496118164062500000e+01, -8.359136962890625000e+01
2.056792449951171875e+01, 1.099160232543945312e+02, 7.505650329589843750e+01, -8.361368560791015625e+01
2.063615798950195312e+01, 1.099190521240234375e+02, 7.406030273437500000e+01, -8.371037292480468750e+01
2.071317863464355469e+01, 1.099004898071289062e+02, 7.367662811279296875e+01, -8.390961456298828125e+01
2.078751754760742188e+01, 1.099112625122070312e+02, 7.376406860351562500e+01, -8.350148010253906250e+01
2.085337066650390625e+01, 1.098569183349609375e+02, 7.300907135009765625e+01, -8.486573791503906250e+01
2.092092514038085938e+01, 1.098442230224609375e+02, 7.294974517822265625e+01, -8.512897491455078125e+01
2.101470565795898438e+01, 1.098038787841796875e+02, 7.229005432128906250e+01, -8.579863739013671875e+01
2.108944129943847656e+01, 1.098034210205078125e+02, 7.126859283447265625e+01, -8.607602691650390625e+01
2.116213798522949219e+01, 1.097054214477539062e+02, 7.085268402099609375e+01, -8.566936492919921875e+01
2.123029327392578125e+01, 1.096313018798828125e+02, 7.037430572509765625e+01, -8.493051910400390625e+01
2.128610229492187500e+01, 1.096666259765625000e+02, 7.004232788085937500e+01, -8.440847778320312500e+01
2.139596939086914062e+01, 1.095841293334960938e+02, 6.862236785888671875e+01, -8.530592346191406250e+01
2.146441459655761719e+01, 1.095434188842773438e+02, 6.890419006347656250e+01, -8.557190704345703125e+01
2.154164886474609375e+01, 1.093849411010742188e+02, 6.847605133056640625e+01, -8.512899780273437500e+01
2.161567306518554688e+01, 1.093728027343750000e+02, 6.810918426513671875e+01, -8.505054473876953125e+01
2.170224380493164062e+01, 1.093289108276367188e+02, 6.769287109375000000e+01, -8.503199768066406250e+01
2.182480621337890625e+01, 1.093294372558593750e+02, 6.686230468750000000e+01, -8.466073608398437500e+01
2.192007637023925781e+01, 1.092161483764648438e+02, 6.645924377441406250e+01, -8.430049133300781250e+01
2.198355102539062500e+01, 1.092856140136718750e+02, 6.582929992675781250e+01, -8.450042724609375000e+01
2.202524566650390625e+01, 1.093812103271484375e+02, 6.612184906005859375e+01, -8.438999176025390625e+01
2.206902122497558594e+01, 1.093786392211914062e+02, 6.654071807861328125e+01, -8.381790924072265625e+01
2.212293815612792969e+01, 1.093555755615234375e+02, 6.671492767333984375e+01, -8.349488067626953125e+01
2.221521759033203125e+01, 1.092942504882812500e+02, 6.634344482421875000e+01, -8.376119995117187500e+01
2.231434440612792969e+01, 1.093014450073242188e+02, 6.518035125732421875e+01, -8.385395812988281250e+01
2.238848686218261719e+01, 1.092969055175781250e+02, 6.460511016845703125e+01, -8.428769683837890625e+01
2.246216773986816406e+01, 1.092462158203125000e+02, 6.372651672363281250e+01, -8.419187927246093750e+01
2.250078773498535156e+01, 1.091912841796875000e+02, 6.449420166015625000e+01, -8.378474426269531250e+01
2.256754493713378906e+01, 1.092353439331054688e+02, 6.385274505615234375e+01, -8.422550201416015625e+01
2.268982124328613281e+01, 1.092256011962890625e+02, 6.309120559692382812e+01, -8.504863739013671875e+01
2.276679992675781250e+01, 1.092087249755859375e+02, 6.322988128662109375e+01, -8.497969818115234375e+01
2.280810356140136719e+01, 1.091528015136718750e+02, 6.383221435546875000e+01, -8.477716064453125000e+01
2.288389205932617188e+01, 1.090993270874023438e+02, 6.350279998779296875e+01, -8.441316986083984375e+01
2.296806716918945312e+01, 1.090670394897460938e+02, 6.339981842041015625e+01, -8.445929718017578125e+01
2.301575279235839844e+01, 1.091027297973632812e+02, 6.361695480346679688e+01, -8.420940399169921875e+01
2.309089469909667969e+01, 1.090098724365234375e+02, 6.357692337036132812e+01, -8.424302673339843750e+01
2.312638092041015625e+01, 1.090312805175781250e+02, 6.432300567626953125e+01, -8.355632019042968750e+01
2.321302795410156250e+01, 1.089825515747070312e+02, 6.388584899902343750e+01, -8.384531402587890625e+01
2.329112815856933594e+01, 1.090121307373046875e+02, 6.335268402099609375e+01, -8.388485717773437500e+01
2.335983276367187500e+01, 1.090486755371093750e+02, 6.321442413330078125e+01, -8.386611938476562500e+01
2.346074867248535156e+01, 1.090212249755859375e+02, 6.273772430419921875e+01, -8.414782714843750000e+01
2.354083061218261719e+01, 1.090514678955078125e+02, 6.249014282226562500e+01, -8.430239105224609375e+01
2.360752487182617188e+01, 1.090190963745117188e+02, 6.249038314819335938e+01, -8.413269805908203125e+01
2.368376922607421875e+01, 1.090210800170898438e+02, 6.215274429321289062e+01, -8.399223327636718750e+01
2.373425102233886719e+01, 1.090567016601562500e+02, 6.279283523559570312e+01, -8.383343505859375000e+01
2.385381889343261719e+01, 1.089829254150390625e+02, 6.193007278442382812e+01, -8.383773040771484375e+01
2.389031028747558594e+01, 1.089616546630859375e+02, 6.140290069580078125e+01, -8.366384124755859375e+01
2.392492103576660156e+01, 1.089777069091796875e+02, 6.210465621948242188e+01, -8.290080261230468750e+01
2.395427513122558594e+01, 1.090163345336914062e+02, 6.259553909301757812e+01, -8.237811279296875000e+01
2.403260231018066406e+01, 1.089894027709960938e+02, 6.217372894287109375e+01, -8.187477874755859375e+01
2.407882690429687500e+01, 1.090261154174804688e+02, 6.196211242675781250e+01, -8.181757354736328125e+01
2.414027786254882812e+01, 1.089767074584960938e+02, 6.226020431518554688e+01, -8.135688781738281250e+01
2.420406723022460938e+01, 1.090083847045898438e+02, 6.178360366821289062e+01, -8.154280090332031250e+01
2.426784896850585938e+01, 1.089927673339843750e+02, 6.210794830322265625e+01, -8.107617187500000000e+01
2.439683723449707031e+01, 1.088742065429687500e+02, 6.090062713623046875e+01, -8.207611083984375000e+01
2.448609924316406250e+01, 1.088101654052734375e+02, 6.047260284423828125e+01, -8.199320983886718750e+01
2.457300376892089844e+01, 1.087576217651367188e+02, 6.006352233886718750e+01, -8.197561645507812500e+01
2.464275550842285156e+01, 1.087775039672851562e+02, 5.974281311035156250e+01, -8.183837890625000000e+01
2.472571754455566406e+01, 1.086842117309570312e+02, 5.967193984985351562e+01, -8.161851501464843750e+01
2.477750015258789062e+01, 1.086518249511718750e+02, 5.992391204833984375e+01, -8.122988891601562500e+01
2.489757728576660156e+01, 1.086082000732421875e+02, 5.932274246215820312e+01, -8.128431701660156250e+01
2.494740295410156250e+01, 1.086023178100585938e+02, 5.958277511596679688e+01, -8.102651977539062500e+01
2.503614807128906250e+01, 1.085527572631835938e+02, 5.942241287231445312e+01, -8.060964202880859375e+01
2.502750396728515625e+01, 1.086147079467773438e+02, 6.059583663940429688e+01, -7.951148223876953125e+01
2.509825134277343750e+01, 1.085904235839843750e+02, 6.046173095703125000e+01, -7.925275421142578125e+01
2.515870285034179688e+01, 1.086049499511718750e+02, 6.051980972290039062e+01, -7.929690551757812500e+01
2.529665374755859375e+01, 1.085659790039062500e+02, 5.913582229614257812e+01, -8.069712066650390625e+01
2.537518501281738281e+01, 1.085402755737304688e+02, 5.931161117553710938e+01, -8.040747833251953125e+01
2.549293708801269531e+01, 1.085533828735351562e+02, 5.846372985839843750e+01, -8.097980499267578125e+01
2.548603248596191406e+01, 1.084707107543945312e+02, 5.952138900756835938e+01, -8.116920471191406250e+01
2.543922233581542969e+01, 1.084570770263671875e+02, 6.070858001708984375e+01, -8.177188873291015625e+01
2.542640113830566406e+01, 1.084283599853515625e+02, 6.111432647705078125e+01, -8.237021636962890625e+01
2.544574546813964844e+01, 1.084577713012695312e+02, 6.116498565673828125e+01, -8.371297454833984375e+01
2.543214988708496094e+01, 1.083488998413085938e+02, 6.228013229370117188e+01, -8.391102600097656250e+01
2.545138931274414062e+01, 1.082899169921875000e+02, 6.245822143554687500e+01, -8.566435241699218750e+01
2.547848510742187500e+01, 1.082794189453125000e+02, 6.283101654052734375e+01, -8.683193206787109375e+01
2.545518112182617188e+01, 1.081839447021484375e+02, 6.415785217285156250e+01, -8.697209167480468750e+01
2.556085968017578125e+01, 1.080759277343750000e+02, 6.370046234130859375e+01, -8.833906555175781250e+01
2.558236312866210938e+01, 1.080866928100585938e+02, 6.403413391113281250e+01, -8.967565917968750000e+01
2.559484291076660156e+01, 1.080468826293945312e+02, 6.444507598876953125e+01, -8.992358398437500000e+01
2.562668418884277344e+01, 1.080606155395507812e+02, 6.464443969726562500e+01, -9.102468109130859375e+01
2.561601829528808594e+01, 1.079847869873046875e+02, 6.590737915039062500e+01, -9.099926757812500000e+01
2.556152725219726562e+01, 1.080570907592773438e+02, 6.733457183837890625e+01, -9.117815399169921875e+01
2.561542129516601562e+01, 1.078662719726562500e+02, 6.776305389404296875e+01, -9.180389404296875000e+01
2.557327651977539062e+01, 1.079142837524414062e+02, 6.901469421386718750e+01, -9.216799926757812500e+01
2.559830474853515625e+01, 1.078000793457031250e+02, 6.871688079833984375e+01, -9.338385009765625000e+01
2.563766288757324219e+01, 1.077983093261718750e+02, 6.878264617919921875e+01, -9.422990417480468750e+01
2.570850944519042969e+01, 1.077438354492187500e+02, 6.845008087158203125e+01, -9.548710632324218750e+01
2.574090957641601562e+01, 1.077050476074218750e+02, 6.867704010009765625e+01, -9.620713806152343750e+01
2.581747245788574219e+01, 1.077123794555664062e+02, 6.800208282470703125e+01, -9.798152923583984375e+01
2.580756759643554688e+01, 1.076757812500000000e+02, 6.840958404541015625e+01, -9.820609283447265625e+01
2.584454536437988281e+01, 1.075656204223632812e+02, 6.881768035888671875e+01, -9.870736694335937500e+01
2.587438774108886719e+01, 1.075019836425781250e+02, 6.918940734863281250e+01, -9.950379943847656250e+01
2.592686080932617188e+01, 1.074851074218750000e+02, 6.892197418212890625e+01, -1.005589981079101562e+02
2.594826507568359375e+01, 1.074738159179687500e+02, 6.936400604248046875e+01, -1.015236053466796875e+02
2.590931701660156250e+01, 1.075083999633789062e+02, 7.053165435791015625e+01, -1.019649353027343750e+02
2.585976982116699219e+01, 1.075046997070312500e+02, 7.202033996582031250e+01, -1.019630813598632812e+02
2.589854240417480469e+01, 1.073862686157226562e+02, 7.235232543945312500e+01, -1.026130676269531250e+02
2.582552337646484375e+01, 1.074995193481445312e+02, 7.358536529541015625e+01, -1.027900238037109375e+02
2.588474655151367188e+01, 1.074086380004882812e+02, 7.363078308105468750e+01, -1.038050003051757812e+02
2.585510826110839844e+01, 1.073877487182617188e+02, 7.468262481689453125e+01, -1.039273986816406250e+02
2.587367630004882812e+01, 1.072474060058593750e+02, 7.539450836181640625e+01, -1.040162353515625000e+02
2.588908958435058594e+01, 1.071778564453125000e+02, 7.594747924804687500e+01, -1.043455276489257812e+02
2.584626007080078125e+01, 1.072201156616210938e+02, 7.707357025146484375e+01, -1.043961257934570312e+02
2.582367515563964844e+01, 1.072090454101562500e+02, 7.802077484130859375e+01, -1.046005249023437500e+02
2.583485603332519531e+01, 1.071808624267578125e+02, 7.855602264404296875e+01, -1.050639801025390625e+02
2.585981178283691406e+01, 1.070520477294921875e+02, 7.901798248291015625e+01, -1.053432846069335938e+02
2.585871505737304688e+01, 1.070201492309570312e+02, 7.990006256103515625e+01, -1.056353073120117188e+02
2.590163230895996094e+01, 1.069202728271484375e+02, 8.011154174804687500e+01, -1.059790725708007812e+02
2.592263793945312500e+01, 1.069090652465820312e+02, 8.039096069335937500e+01, -1.068255462646484375e+02
2.596685791015625000e+01, 1.069308547973632812e+02, 8.012835693359375000e+01, -1.079798812866210938e+02
2.598366546630859375e+01, 1.069893112182617188e+02, 8.002359771728515625e+01, -1.087825393676757812e+02
2.603362464904785156e+01, 1.069561386108398438e+02, 7.980826568603515625e+01, -1.100125198364257812e+02
2.599720954895019531e+01, 1.068978271484375000e+02, 8.120982360839843750e+01, -1.097720489501953125e+02
2.588142585754394531e+01, 1.069538421630859375e+02, 8.362522888183593750e+01, -1.090686950683593750e+02
2.582300186157226562e+01, 1.070095977783203125e+02, 8.485983276367187500e+01, -1.088208770751953125e+02
2.587458229064941406e+01, 1.070528488159179688e+02, 8.417562866210937500e+01, -1.086771850585937500e+02
2.593028640747070312e+01, 1.070755615234375000e+02, 8.382608032226562500e+01, -1.083376922607421875e+02
2.602460479736328125e+01, 1.070351028442382812e+02, 8.301707458496093750e+01, -1.083065109252929688e+02
2.611663055419921875e+01, 1.070160751342773438e+02, 8.210198974609375000e+01, -1.082354583740234375e+02
2.624045753479003906e+01, 1.069634399414062500e+02, 8.083654022216796875e+01, -1.084792633056640625e+02
2.633385848999023438e+01, 1.069245758056640625e+02, 7.998735809326171875e+01, -1.082546386718750000e+02
2.639161682128906250e+01, 1.068334045410156250e+02, 7.976206207275390625e+01, -1.076039505004882812e+02
2.641660499572753906e+01, 1.068348617553710938e+02, 7.997286224365234375e+01, -1.069590682983398438e+02
2.648947715759277344e+01, 1.067517623901367188e+02, 7.976050567626953125e+01, -1.062786254882812500e+02
2.659082412719726562e+01, 1.067210769653320312e+02, 7.863999176025390625e+01, -1.062326660156250000e+02
2.664261054992675781e+01, 1.066890640258789062e+02, 7.855728149414062500e+01, -1.056411666870117188e+02
2.670180702209472656e+01, 1.066965103149414062e+02, 7.821506500244140625e+01, -1.053091735839843750e+02
2.678593635559082031e+01, 1.066509017944335938e+02, 7.755190277099609375e+01, -1.051002044677734375e+02
2.684978485107421875e+01, 1.066440429687500000e+02, 7.711895751953125000e+01, -1.047108154296875000e+02
2.691825675964355469e+01, 1.066043090820312500e+02, 7.676316833496093750e+01, -1.042926177978515625e+02
2.699082374572753906e+01, 1.065836029052734375e+02, 7.629678344726562500e+01, -1.040902252197265625e+02
2.706881332397460938e+01, 1.065958328247070312e+02, 7.562104034423828125e+01, -1.040086441040039062e+02
2.708208084106445312e+01, 1.066102371215820312e+02, 7.594732666015625000e+01, -1.033658370971679688e+02
2.713862800598144531e+01, 1.066023483276367188e+02, 7.553885650634765625e+01, -1.030938796997070312e+02
2.721451377868652344e+01, 1.065831146240234375e+02, 7.505306243896484375e+01, -1.028763046264648438e+02
2.732454109191894531e+01, 1.065266494750976562e+02, 7.423946380615234375e+01, -1.027827377319335938e+02
2.744873428344726562e+01, 1.064778442382812500e+02, 7.309672546386718750e+01, -1.029551696777343750e+02
2.748666954040527344e+01, 1.065064468383789062e+02, 7.295773315429687500e+01, -1.024695358276367188e+02
2.746342658996582031e+01, 1.065938110351562500e+02, 7.329155731201171875e+01, -1.015757217407226562e+02
2.751887321472167969e+01, 1.065991058349609375e+02, 7.292367553710937500e+01, -1.013074798583984375e+02
2.756939888000488281e+01, 1.065563125610351562e+02, 7.285768127441406250e+01, -1.007587661743164062e+02
2.763249206542968750e+01, 1.065163574218750000e+02, 7.260261535644531250e+01, -1.003809661865234375e+02
2.769537162780761719e+01, 1.064745941162109375e+02, 7.232371520996093750e+01, -9.984866333007812500e+01
2.777667045593261719e+01, 1.064528045654296875e+02, 7.190036773681640625e+01, -9.954561614990234375e+01
2.785725593566894531e+01, 1.064070816040039062e+02, 7.147018432617187500e+01, -9.937602233886718750e+01
2.791531372070312500e+01, 1.064161148071289062e+02, 7.109873199462890625e+01, -9.914792633056640625e+01
2.798933982849121094e+01, 1.063951644897460938e+02, 7.069293212890625000e+01, -9.900694274902343750e+01
2.805393791198730469e+01, 1.063610839843750000e+02, 7.048987579345703125e+01, -9.865943145751953125e+01
2.812988662719726562e+01, 1.063603286743164062e+02, 6.996111297607421875e+01, -9.852722930908203125e+01
2.822090339660644531e+01, 1.063161392211914062e+02, 6.939669036865234375e+01, -9.840859985351562500e+01
2.829851913452148438e+01, 1.062617645263671875e+02, 6.912498474121093750e+01, -9.810240173339843750e+01
2.836935234069824219e+01, 1.061721649169921875e+02, 6.897254943847656250e+01, -9.771740722656250000e+01
2.843472290039062500e+01, 1.062005462646484375e+02, 6.849063110351562500e+01, -9.769843292236328125e+01
2.845979881286621094e+01, 1.063077468872070312e+02, 6.837570190429687500e+01, -9.763851165771484375e+01
2.850131988525390625e+01, 1.063235244750976562e+02, 6.827069091796875000e+01, -9.726905822753906250e+01
2.852138328552246094e+01, 1.063597946166992188e+02, 6.852108001708984375e+01, -9.680184936523437500e+01
2.855912590026855469e+01, 1.063861389160156250e+02, 6.847900390625000000e+01, -9.630239868164062500e+01
2.863688087463378906e+01, 1.063415756225585938e+02, 6.799658966064453125e+01, -9.620268249511718750e+01
2.873011398315429688e+01, 1.062670669555664062e+02, 6.743892669677734375e+01, -9.617301940917968750e+01
2.878046035766601562e+01, 1.062622070312500000e+02, 6.734939575195312500e+01, -9.576741027832031250e+01
2.885395622253417969e+01, 1.062116928100585938e+02, 6.716638946533203125e+01, -9.558309936523437500e+01
2.893139076232910156e+01, 1.061809463500976562e+02, 6.662354278564453125e+01, -9.535511016845703125e+01
2.889548873901367188e+01, 1.063105468750000000e+02, 6.708403015136718750e+01, -9.472609710693359375e+01
2.892976379394531250e+01, 1.062761459350585938e+02, 6.723002624511718750e+01, -9.421637725830078125e+01
2.900695610046386719e+01, 1.062569274902343750e+02, 6.686620330810546875e+01, -9.412623596191406250e+01
2.912946319580078125e+01, 1.062362976074218750e+02, 6.582930755615234375e+01, -9.432505035400390625e+01
2.922878837585449219e+01, 1.061919631958007812e+02, 6.533866119384765625e+01, -9.424920654296875000e+01
2.926329994201660156e+01, 1.061473312377929688e+02, 6.559664916992187500e+01, -9.386376190185546875e+01
2.941777420043945312e+01, 1.060779113769531250e+02, 6.454767608642578125e+01, -9.426581573486328125e+01
2.944943237304687500e+01, 1.060604171752929688e+02, 6.470916748046875000e+01, -9.370481109619140625e+01
2.957238388061523438e+01, 1.060061111450195312e+02, 6.396588897705078125e+01, -9.378552246093750000e+01
2.966721153259277344e+01, 1.059738616943359375e+02, 6.336892700195312500e+01, -9.365856170654296875e+01
2.972431755065917969e+01, 1.059822769165039062e+02, 6.302655029296875000e+01, -9.341742706298828125e+01
2.983298873901367188e+01, 1.059207077026367188e+02, 6.247043991088867188e+01, -9.351638793945312500e+01
2.990746688842773438e+01, 1.059008941650390625e+02, 6.212749099731445312e+01, -9.334335327148437500e+01
3.001283073425292969e+01, 1.058864135742187500e+02, 6.166759109497070312e+01, -9.349420166015625000e+01
3.007580566406250000e+01, 1.059030990600585938e+02, 6.142201232910156250e+01, -9.338070678710937500e+01
3.008469581604003906e+01, 1.059220275878906250e+02, 6.188484954833984375e+01, -9.275711059570312500e+01
3.014880561828613281e+01, 1.059181289672851562e+02, 6.141427612304687500e+01, -9.254480743408203125e+01
3.016230583190917969e+01, 1.059124374389648438e+02, 6.154920959472656250e+01, -9.200583648681640625e+01
3.025275993347167969e+01, 1.059470672607421875e+02, 6.076889801025390625e+01, -9.204275512695312500e+01
3.038095855712890625e+01, 1.058864135742187500e+02, 6.005108642578125000e+01, -9.217492675781250000e+01
3.031593704223632812e+01, 1.059163513183593750e+02, 6.114223098754882812e+01, -9.102168273925781250e+01
3.033284378051757812e+01, 1.059728775024414062e+02, 6.130042648315429688e+01, -9.053989410400390625e+01
3.041320610046386719e+01, 1.059679794311523438e+02, 6.096396255493164062e+01, -9.045910644531250000e+01
3.052063560485839844e+01, 1.059399642944335938e+02, 6.040452194213867188e+01, -9.065206909179687500e+01
3.059899139404296875e+01, 1.058801116943359375e+02, 6.018648147583007812e+01, -9.057726287841796875e+01
3.070275306701660156e+01, 1.058605957031250000e+02, 5.960252761840820312e+01, -9.064599609375000000e+01
3.073395347595214844e+01, 1.058837280273437500e+02, 5.981780624389648438e+01, -9.030483245849609375e+01
3.082265472412109375e+01, 1.058851242065429688e+02, 5.937052154541015625e+01, -9.040161895751953125e+01
3.093362808227539062e+01, 1.058417587280273438e+02, 5.879474258422851562e+01, -9.054309844970703125e+01
3.099180793762207031e+01, 1.058506927490234375e+02, 5.853704071044921875e+01, -9.032162475585937500e+01
3.103920173645019531e+01, 1.058385925292968750e+02, 5.851443862915039062e+01, -9.000949859619140625e+01
3.109722328186035156e+01, 1.058634796142578125e+02, 5.837833023071289062e+01, -8.993109130859375000e+01
3.118385887145996094e+01, 1.058019561767578125e+02, 5.791489028930664062e+01, -8.987559509277343750e+01
3.122135925292968750e+01, 1.057917175292968750e+02, 5.809180450439453125e+01, -8.951100921630859375e+01
3.130512428283691406e+01, 1.057733306884765625e+02, 5.792781448364257812e+01, -8.962751770019531250e+01
3.136862564086914062e+01, 1.057423248291015625e+02, 5.778805923461914062e+01, -8.938073730468750000e+01
3.147930145263671875e+01, 1.057117538452148438e+02, 5.741960144042968750e+01, -8.962852478027343750e+01
3.152746582031250000e+01, 1.056837997436523438e+02, 5.728646087646484375e+01, -8.934556579589843750e+01
3.166866111755371094e+01, 1.056123886108398438e+02, 5.664645385742187500e+01, -8.958753967285156250e+01
3.174570465087890625e+01, 1.055938262939453125e+02, 5.622266006469726562e+01, -8.942087554931640625e+01
3.186785125732421875e+01, 1.055258407592773438e+02, 5.557305145263671875e+01, -8.959037017822265625e+01
3.199316024780273438e+01, 1.054794540405273438e+02, 5.507529449462890625e+01, -8.976303863525390625e+01
3.209083557128906250e+01, 1.054525527954101562e+02, 5.471167755126953125e+01, -8.961861419677734375e+01
3.212214279174804688e+01, 1.054826431274414062e+02, 5.481429290771484375e+01, -8.932577514648437500e+01
3.220958709716796875e+01, 1.054221496582031250e+02, 5.456140899658203125e+01, -8.947183227539062500e+01
3.225998306274414062e+01, 1.054108276367187500e+02, 5.449545669555664062e+01, -8.929262542724609375e+01
3.236838531494140625e+01, 1.053828506469726562e+02, 5.397751617431640625e+01, -8.946630859375000000e+01
3.251762390136718750e+01, 1.052968292236328125e+02, 5.320222854614257812e+01, -8.981646728515625000e+01
3.261813735961914062e+01, 1.052461776733398438e+02, 5.289445114135742188e+01, -8.989342498779296875e+01
3.269738769531250000e+01, 1.052240219116210938e+02, 5.256937408447265625e+01, -8.984983062744140625e+01
3.268610000610351562e+01, 1.052810134887695312e+02, 5.290497207641601562e+01, -8.934634399414062500e+01
3.270136260986328125e+01, 1.053357543945312500e+02, 5.320439147949218750e+01, -8.914128875732421875e+01
3.286670303344726562e+01, 1.052669982910156250e+02, 5.234165191650390625e+01, -8.948618316650390625e+01
3.295948410034179688e+01, 1.052283935546875000e+02, 5.191444396972656250e+01, -8.933663177490234375e+01
3.292752838134765625e+01, 1.053547439575195312e+02, 5.234655380249023438e+01, -8.864075469970703125e+01
3.296683120727539062e+01, 1.053585815429687500e+02, 5.233787536621093750e+01, -8.839035034179687500e+01
3.302544021606445312e+01, 1.053651123046875000e+02, 5.214725875854492188e+01, -8.833033752441406250e+01
3.306373977661132812e+01, 1.053788375854492188e+02, 5.219701766967773438e+01, -8.811916351318359375e+01
3.319697189331054688e+01, 1.052919845581054688e+02, 5.154961776733398438e+01, -8.839099884033203125e+01
3.326240158081054688e+01, 1.052587509155273438e+02, 5.140089797973632812e+01, -8.824449920654296875e+01
3.338291549682617188e+01, 1.052004470825195312e+02, 5.083554458618164062e+01, -8.849924468994140625e+01
3.342316055297851562e+01, 1.051918258666992188e+02, 5.076834106445312500e+01, -8.831112670898437500e+01
3.342356109619140625e+01, 1.052145385742187500e+02, 5.109219741821289062e+01, -8.791247558593750000e+01
3.348025894165039062e+01, 1.052461395263671875e+02, 5.093080520629882812e+01, -8.773009490966796875e+01
3.359506607055664062e+01, 1.051724319458007812e+02, 5.038213729858398438e+01, -8.771729278564453125e+01
3.366548538208007812e+01, 1.051673126220703125e+02, 5.019184875488281250e+01, -8.768092346191406250e+01
3.370506286621093750e+01, 1.052349395751953125e+02, 5.012139892578125000e+01, -8.739334869384765625e+01
3.379093933105468750e+01, 1.051854476928710938e+02, 4.986698532104492188e+01, -8.743168640136718750e+01
3.384534454345703125e+01, 1.051606140136718750e+02, 4.984109115600585938e+01, -8.726712036132812500e+01
3.386949920654296875e+01, 1.052231750488281250e+02, 4.997903060913085938e+01, -8.690786743164062500e+01
3.392087554931640625e+01, 1.053097534179687500e+02, 4.973414993286132812e+01, -8.660164642333984375e+01
3.401925659179687500e+01, 1.053023681640625000e+02, 4.931684875488281250e+01, -8.666318511962890625e+01
3.410334396362304688e+01, 1.052633819580078125e+02, 4.907656860351562500e+01, -8.673947906494140625e+01
3.417389678955078125e+01, 1.052544403076171875e+02, 4.886377334594726562e+01, -8.664459991455078125e+01
3.425057220458984375e+01, 1.052304687500000000e+02, 4.861017990112304688e+01, -8.660257720947265625e+01
3.427674102783203125e+01, 1.052625808715820312e+02, 4.879644393920898438e+01, -8.634662628173828125e+01
3.430809783935546875e+01, 1.052954483032226562e+02, 4.892262268066406250e+01, -8.616395568847656250e+01
3.439823532104492188e+01, 1.052309112548828125e+02, 4.864286422729492188e+01, -8.622905731201171875e+01
3.449929809570312500e+01, 1.051926956176757812e+02, 4.840639877319335938e+01, -8.629936981201171875e+01
3.457067871093750000e+01, 1.051925735473632812e+02, 4.811649703979492188e+01, -8.618955230712890625e+01
3.464142608642578125e+01, 1.051903762817382812e+02, 4.792736434936523438e+01, -8.617595672607421875e+01
3.475875091552734375e+01, 1.051073379516601562e+02, 4.749569702148437500e+01, -8.629199981689453125e+01
3.482646560668945312e+01, 1.050994949340820312e+02, 4.741307449340820312e+01, -8.633547210693359375e+01
3.494744491577148438e+01, 1.050073623657226562e+02, 4.692953872680664062e+01, -8.646881103515625000e+01
3.501933288574218750e+01, 1.050017471313476562e+02, 4.670371627807617188e+01, -8.639231872558593750e+01
3.507329559326171875e+01, 1.049439163208007812e+02, 4.687512588500976562e+01, -8.631674194335937500e+01
3.515518188476562500e+01, 1.048957519531250000e+02, 4.660590744018554688e+01, -8.636225128173828125e+01
3.523529434204101562e+01, 1.048609771728515625e+02, 4.636940383911132812e+01, -8.636369323730468750e+01
3.532186889648437500e+01, 1.048210525512695312e+02, 4.613397979736328125e+01, -8.645005798339843750e+01
3.540443801879882812e+01, 1.048033447265625000e+02, 4.576818466186523438e+01, -8.633362579345703125e+01
3.547714233398437500e+01, 1.048105239868164062e+02, 4.557922363281250000e+01, -8.625554656982421875e+01
3.556739807128906250e+01, 1.047573699951171875e+02, 4.531333923339843750e+01, -8.632125854492187500e+01
3.570207595825195312e+01, 1.046568298339843750e+02, 4.500221252441406250e+01, -8.660951995849609375e+01
3.576545333862304688e+01, 1.046649169921875000e+02, 4.495177841186523438e+01, -8.669047546386718750e+01
3.583818054199218750e+01, 1.046646423339843750e+02, 4.487334823608398438e+01, -8.673973083496093750e+01
3.592519378662109375e+01, 1.046284942626953125e+02, 4.454076004028320312e+01, -8.667806243896484375e+01
3.602902603149414062e+01, 1.045602874755859375e+02, 4.413969039916992188e+01, -8.669449615478515625e+01
3.606132507324218750e+01, 1.046158828735351562e+02, 4.425153350830078125e+01, -8.657666778564453125e+01
3.613412094116210938e+01, 1.046259918212890625e+02, 4.400219726562500000e+01, -8.651914978027343750e+01
3.619510269165039062e+01, 1.046241073608398438e+02, 4.382110214233398438e+01, -8.650508880615234375e+01
3.629235076904296875e+01, 1.045591125488281250e+02, 4.347193527221679688e+01, -8.660859680175781250e+01
3.634930419921875000e+01, 1.045909423828125000e+02, 4.341263580322265625e+01, -8.645078277587890625e+01
3.643899154663085938e+01, 1.045385131835937500e+02, 4.312692260742187500e+01, -8.645496368408203125e+01
3.649695587158203125e+01, 1.045555114746093750e+02, 4.302521133422851562e+01, -8.633319091796875000e+01
3.662232971191406250e+01, 1.044297332763671875e+02, 4.262370681762695312e+01, -8.662530517578125000e+01
3.673667526245117188e+01, 1.043504943847656250e+02, 4.227430343627929688e+01, -8.682890319824218750e+01
3.686477661132812500e+01, 1.042266082763671875e+02, 4.187058258056640625e+01, -8.710095214843750000e+01
3.697520065307617188e+01, 1.041162185668945312e+02, 4.144233703613281250e+01, -8.721305847167968750e+01
3.704171752929687500e+01, 1.041220703125000000e+02, 4.123363113403320312e+01, -8.715874481201171875e+01
3.717075729370117188e+01, 1.039990844726562500e+02, 4.075967788696289062e+01, -8.727057647705078125e+01
3.723894882202148438e+01, 1.039871063232421875e+02, 4.057408523559570312e+01, -8.725227355957031250e+01
3.728042984008789062e+01, 1.040377731323242188e+02, 4.042161941528320312e+01, -8.705293273925781250e+01
3.736491012573242188e+01, 1.040228195190429688e+02, 4.030275344848632812e+01, -8.710747528076171875e+01
3.736670684814453125e+01, 1.041680450439453125e+02, 4.054700851440429688e+01, -8.678533935546875000e+01
3.744419860839843750e+01, 1.041630859375000000e+02, 4.030418014526367188e+01, -8.660403442382812500e+01
3.752291488647460938e+01, 1.041553955078125000e+02, 4.011822509765625000e+01, -8.656488037109375000e+01
3.763532638549804688e+01, 1.040531845092773438e+02, 3.988798904418945312e+01, -8.683010864257812500e+01
3.772008132934570312e+01, 1.040279235839843750e+02, 3.977291870117187500e+01, -8.696333312988281250e+01
3.786802291870117188e+01, 1.038897552490234375e+02, 3.925503158569335938e+01, -8.713085174560546875e+01
3.797342681884765625e+01, 1.038010177612304688e+02, 3.902804565429687500e+01, -8.726853179931640625e+01
3.805434799194335938e+01, 1.037882537841796875e+02, 3.891981506347656250e+01, -8.733617401123046875e+01
3.812599563598632812e+01, 1.038070068359375000e+02, 3.883226394653320312e+01, -8.720697784423828125e+01
3.816892623901367188e+01, 1.038505020141601562e+02, 3.894031906127929688e+01, -8.712895965576171875e+01
3.826908493041992188e+01, 1.037928619384765625e+02, 3.860091018676757812e+01, -8.713562011718750000e+01
3.835332107543945312e+01, 1.037653961181640625e+02, 3.841321945190429688e+01, -8.716553497314453125e+01
3.844605636596679688e+01, 1.037218475341796875e+02, 3.811273574829101562e+01, -8.711327362060546875e+01
3.854970169067382812e+01, 1.036512374877929688e+02, 3.782229232788085938e+01, -8.726198577880859375e+01
3.862428665161132812e+01, 1.036444549560546875e+02, 3.776087570190429688e+01, -8.737049102783203125e+01
3.874910736083984375e+01, 1.035569839477539062e+02, 3.740253829956054688e+01, -8.761877441406250000e+01
3.888273239135742188e+01, 1.034445877075195312e+02, 3.695879364013671875e+01, -8.772676086425781250e+01
3.899645614624023438e+01, 1.033400344848632812e+02, 3.667322540283203125e+01, -8.784049987792968750e+01
3.910533142089843750e+01, 1.032687606811523438e+02, 3.632445907592773438e+01, -8.787569427490234375e+01
3.915265274047851562e+01, 1.033138427734375000e+02, 3.624981689453125000e+01, -8.772479248046875000e+01
3.925386810302734375e+01, 1.032584838867187500e+02, 3.582342529296875000e+01, -8.769431304931640625e+01
3.930015182495117188e+01, 1.033192062377929688e+02, 3.600853729248046875e+01, -8.758773803710937500e+01
3.936543655395507812e+01, 1.033132095336914062e+02, 3.602408218383789062e+01, -8.754042053222656250e+01
3.941427993774414062e+01, 1.033534164428710938e+02, 3.603266143798828125e+01, -8.742358398437500000e+01
3.951530075073242188e+01, 1.032844085693359375e+02, 3.580066680908203125e+01, -8.758930969238281250e+01
3.962243652343750000e+01, 1.031799163818359375e+02, 3.553163909912109375e+01, -8.779581451416015625e+01
3.970952224731445312e+01, 1.031391296386718750e+02, 3.529161071777343750e+01, -8.781469726562500000e+01
3.979568099975585938e+01, 1.031120605468750000e+02, 3.522138214111328125e+01, -8.787309265136718750e+01
4.006473159790039062e+01, 1.027340774536132812e+02, 3.410238647460937500e+01, -8.857608032226562500e+01
4.010956192016601562e+01, 1.027976303100585938e+02, 3.421955871582031250e+01, -8.849859619140625000e+01
4.020895385742187500e+01, 1.027480621337890625e+02, 3.396815109252929688e+01, -8.852240753173828125e+01
4.027470397949218750e+01, 1.027630233764648438e+02, 3.402903366088867188e+01, -8.861313629150390625e+01
4.036681365966796875e+01, 1.027178497314453125e+02, 3.388658905029296875e+01, -8.875126647949218750e+01
4.044324493408203125e+01, 1.027260437011718750e+02, 3.385103607177734375e+01, -8.872383117675781250e+01
4.047119522094726562e+01, 1.028085861206054688e+02, 3.391603088378906250e+01, -8.850403594970703125e+01
4.063941192626953125e+01, 1.026278228759765625e+02, 3.348508834838867188e+01, -8.885873413085937500e+01
4.073381423950195312e+01, 1.025420837402343750e+02, 3.320669937133789062e+01, -8.909323883056640625e+01
4.078212356567382812e+01, 1.025906600952148438e+02, 3.322689437866210938e+01, -8.894107818603515625e+01
4.085217666625976562e+01, 1.026074905395507812e+02, 3.308327102661132812e+01, -8.883660125732421875e+01
4.100800323486328125e+01, 1.024490814208984375e+02, 3.256921768188476562e+01, -8.899524688720703125e+01
4.108626556396484375e+01, 1.024367218017578125e+02, 3.239002990722656250e+01, -8.894269561767578125e+01
4.110086441040039062e+01, 1.025565338134765625e+02, 3.256698608398437500e+01, -8.867747497558593750e+01
4.116696166992187500e+01, 1.025354232788085938e+02, 3.256666946411132812e+01, -8.867949676513671875e+01
4.126569747924804688e+01, 1.024723129272460938e+02, 3.227503967285156250e+01, -8.878176116943359375e+01
4.135325622558593750e+01, 1.024487457275390625e+02, 3.219319915771484375e+01, -8.881996154785156250e+01
4.141915893554687500e+01, 1.024440155029296875e+02, 3.219296264648437500e+01, -8.880813598632812500e+01
4.154098129272460938e+01, 1.023023681640625000e+02, 3.190252685546875000e+01, -8.913949584960937500e+01
4.164094924926757812e+01, 1.022364196777343750e+02, 3.158503341674804688e+01, -8.919517517089843750e+01
4.179407119750976562e+01, 1.020819549560546875e+02, 3.104079055786132812e+01, -8.935047912597656250e+01
4.194330978393554688e+01, 1.019551162719726562e+02, 3.055601692199707031e+01, -8.958217620849609375e+01
4.196422576904296875e+01, 1.019854125976562500e+02, 3.060243225097656250e+01, -8.944242095947265625e+01
4.210610580444335938e+01, 1.018207702636718750e+02, 3.011453628540039062e+01, -8.971358489990234375e+01
4.217933654785156250e+01, 1.018227005004882812e+02, 3.007076644897460938e+01, -8.976566314697265625e+01
4.232566833496093750e+01, 1.016869659423828125e+02, 2.964460754394531250e+01, -8.994464111328125000e+01
4.237331771850585938e+01, 1.017148895263671875e+02, 2.962693786621093750e+01, -8.969310760498046875e+01
4.252134704589843750e+01, 1.015205688476562500e+02, 2.904335975646972656e+01, -8.989872741699218750e+01
4.265612792968750000e+01, 1.014114837646484375e+02, 2.860454750061035156e+01, -9.001795196533203125e+01
4.272670745849609375e+01, 1.013548126220703125e+02, 2.850535964965820312e+01, -9.021907043457031250e+01
4.278092956542968750e+01, 1.014151535034179688e+02, 2.858772850036621094e+01, -9.011736297607421875e+01
4.288290405273437500e+01, 1.013401412963867188e+02, 2.847102737426757812e+01, -9.024915313720703125e+01
4.297557449340820312e+01, 1.013438415527343750e+02, 2.829979896545410156e+01, -9.022383117675781250e+01
4.304921722412109375e+01, 1.013520812988281250e+02, 2.823863792419433594e+01, -9.020478820800781250e+01
4.309448242187500000e+01, 1.013911743164062500e+02, 2.817487144470214844e+01, -8.997725677490234375e+01
4.319355010986328125e+01, 1.013123016357421875e+02, 2.780812072753906250e+01, -9.002009582519531250e+01
4.323775482177734375e+01, 1.013842926025390625e+02, 2.788878822326660156e+01, -8.982142639160156250e+01
4.330880355834960938e+01, 1.014168777465820312e+02, 2.808581352233886719e+01, -8.987928771972656250e+01
4.336275100708007812e+01, 1.014677734375000000e+02, 2.792900657653808594e+01, -8.958482360839843750e+01
4.348576354980468750e+01, 1.013893280029296875e+02, 2.772092819213867188e+01, -8.979312133789062500e+01
4.355945968627929688e+01, 1.013587036132812500e+02, 2.762273216247558594e+01, -8.987875366210937500e+01
4.364631652832031250e+01, 1.013524398803710938e+02, 2.732633209228515625e+01, -8.977373504638671875e+01
4.367447280883789062e+01, 1.014457015991210938e+02, 2.765577507019042969e+01, -8.974584960937500000e+01
4.370190811157226562e+01, 1.015341644287109375e+02, 2.789966201782226562e+01, -8.955734252929687500e+01
4.385449981689453125e+01, 1.014016265869140625e+02, 2.732932090759277344e+01, -8.959853363037109375e+01
4.392138671875000000e+01, 1.014065093994140625e+02, 2.743108177185058594e+01, -8.962263488769531250e+01
4.389626693725585938e+01, 1.015553817749023438e+02, 2.780776786804199219e+01, -8.932277679443359375e+01
4.396317672729492188e+01, 1.015541763305664062e+02, 2.781709480285644531e+01, -8.938780212402343750e+01
4.405848693847656250e+01, 1.014697036743164062e+02, 2.791124343872070312e+01, -8.972094726562500000e+01
4.409183502197265625e+01, 1.014945297241210938e+02, 2.782152557373046875e+01, -8.965481567382812500e+01
4.416802215576171875e+01, 1.014402542114257812e+02, 2.759988021850585938e+01, -8.966722106933593750e+01
4.424484252929687500e+01, 1.013941116333007812e+02, 2.758865928649902344e+01, -8.972311401367187500e+01
4.441587448120117188e+01, 1.011835556030273438e+02, 2.707439422607421875e+01, -9.009043884277343750e+01
4.442527008056640625e+01, 1.013134231567382812e+02, 2.725422859191894531e+01, -8.973760986328125000e+01
4.456110000610351562e+01, 1.011808242797851562e+02, 2.696225547790527344e+01, -9.000064849853515625e+01
4.456158065795898438e+01, 1.013216323852539062e+02, 2.715810775756835938e+01, -8.968630981445312500e+01
4.467361450195312500e+01, 1.012341003417968750e+02, 2.695958900451660156e+01, -8.981448364257812500e+01
4.476713943481445312e+01, 1.011667327880859375e+02, 2.685208511352539062e+01, -9.008970642089843750e+01
4.481631851196289062e+01, 1.012198791503906250e+02, 2.686061859130859375e+01, -8.998105621337890625e+01
4.487109375000000000e+01, 1.012162246704101562e+02, 2.680048942565917969e+01, -8.997547912597656250e+01
4.497881317138671875e+01, 1.011257400512695312e+02, 2.650629806518554688e+01, -9.006372833251953125e+01
4.499155426025390625e+01, 1.012374038696289062e+02, 2.669499588012695312e+01, -8.975141906738281250e+01
4.507939910888671875e+01, 1.012317276000976562e+02, 2.671002006530761719e+01, -8.983979797363281250e+01
4.512375640869140625e+01, 1.012647399902343750e+02, 2.669253158569335938e+01, -8.976934051513671875e+01
4.521335983276367188e+01, 1.012186279296875000e+02, 2.653425598144531250e+01, -8.988544464111328125e+01
4.522880554199218750e+01, 1.013185806274414062e+02, 2.666271209716796875e+01, -8.957895660400390625e+01
4.529909896850585938e+01, 1.012831497192382812e+02, 2.664732933044433594e+01, -8.984076690673828125e+01
4.538150024414062500e+01, 1.012386245727539062e+02, 2.642939567565917969e+01, -8.987775421142578125e+01
4.542269515991210938e+01, 1.013183746337890625e+02, 2.648438072204589844e+01, -8.968250274658203125e+01
4.546395111083984375e+01, 1.014042587280273438e+02, 2.655191230773925781e+01, -8.945206451416015625e+01
4.559312820434570312e+01, 1.012474441528320312e+02, 2.609692192077636719e+01, -8.984884643554687500e+01
4.563993072509765625e+01, 1.013066787719726562e+02, 2.595785903930664062e+01, -8.949384307861328125e+01
4.572399902343750000e+01, 1.012011184692382812e+02, 2.581564331054687500e+01, -8.969017791748046875e+01
4.579693603515625000e+01, 1.012220077514648438e+02, 2.596157646179199219e+01, -8.967408752441406250e+01
4.588024902343750000e+01, 1.011948623657226562e+02, 2.575001525878906250e+01, -8.960550689697265625e+01
4.599636459350585938e+01, 1.010951461791992188e+02, 2.553571701049804688e+01, -8.984268951416015625e+01
4.612992858886718750e+01, 1.009499893188476562e+02, 2.508313751220703125e+01, -9.008283996582031250e+01
4.621065902709960938e+01, 1.009512023925781250e+02, 2.497928810119628906e+01, -9.004859924316406250e+01
4.630294036865234375e+01, 1.008748855590820312e+02, 2.475637817382812500e+01, -9.018064880371093750e+01
4.644561767578125000e+01, 1.006762695312500000e+02, 2.447820472717285156e+01, -9.066363525390625000e+01
4.655274581909179688e+01, 1.005929794311523438e+02, 2.428811454772949219e+01, -9.085306549072265625e+01
4.665368270874023438e+01, 1.005458221435546875e+02, 2.407939720153808594e+01, -9.101129913330078125e+01
4.669915008544921875e+01, 1.005671539306640625e+02, 2.411391639709472656e+01, -9.099648284912109375e+01
4.678923034667968750e+01, 1.005684356689453125e+02, 2.414649963378906250e+01, -9.104905700683593750e+01
4.682537841796875000e+01, 1.006162567138671875e+02, 2.427075576782226562e+01, -9.090512084960937500e+01
4.694824981689453125e+01, 1.004504089355468750e+02, 2.405274963378906250e+01, -9.123010253906250000e+01
4.703783035278320312e+01, 1.003620605468750000e+02, 2.395581245422363281e+01, -9.144623565673828125e+01
4.714296722412109375e+01, 1.003048171997070312e+02, 2.380831527709960938e+01, -9.149464416503906250e+01
4.719032287597656250e+01, 1.003176116943359375e+02, 2.380957031250000000e+01, -9.145868682861328125e+01
4.727977752685546875e+01, 1.002677536010742188e+02, 2.368935775756835938e+01, -9.154312896728515625e+01
4.736502456665039062e+01, 1.002369461059570312e+02, 2.361928939819335938e+01, -9.167920684814453125e+01
4.751644515991210938e+01, 1.000487747192382812e+02, 2.323038482666015625e+01, -9.205740356445312500e+01
4.763308715820312500e+01, 9.996912384033203125e+01, 2.298805809020996094e+01, -9.215739440917968750e+01
4.770724105834960938e+01, 1.000011825561523438e+02, 2.313346099853515625e+01, -9.208022308349609375e+01
4.775083160400390625e+01, 1.000659866333007812e+02, 2.323217582702636719e+01, -9.190028381347656250e+01
4.782935714721679688e+01, 1.000875549316406250e+02, 2.323015213012695312e+01, -9.194384765625000000e+01
4.794787979125976562e+01, 9.997955322265625000e+01, 2.306697273254394531e+01, -9.221688079833984375e+01
4.802651977539062500e+01, 9.999959564208984375e+01, 2.322299194335937500e+01, -9.223474884033203125e+01
4.812548446655273438e+01, 9.997153472900390625e+01, 2.310729980468750000e+01, -9.208181762695312500e+01
4.817265701293945312e+01, 9.999504852294921875e+01, 2.317588424682617188e+01, -9.206661987304687500e+01
4.826106643676757812e+01, 9.990273284912109375e+01, 2.306778335571289062e+01, -9.218733978271484375e+01
4.836390304565429688e+01, 9.980680847167968750e+01, 2.279023170471191406e+01, -9.232685852050781250e+01
4.838224792480468750e+01, 9.991683959960937500e+01, 2.297281455993652344e+01, -9.220039367675781250e+01
4.847095870971679688e+01, 9.986277008056640625e+01, 2.293635559082031250e+01, -9.228205871582031250e+01
4.852187728881835938e+01, 9.994035339355468750e+01, 2.302079010009765625e+01, -9.208154296875000000e+01
4.859604644775390625e+01, 9.992128753662109375e+01, 2.296898651123046875e+01, -9.220685577392578125e+01
4.870631790161132812e+01, 9.984986877441406250e+01, 2.266188430786132812e+01, -9.215731811523437500e+01
4.876242446899414062e+01, 9.991051483154296875e+01, 2.286548995971679688e+01, -9.203344726562500000e+01
4.882112884521484375e+01, 9.991239929199218750e+01, 2.284520530700683594e+01, -9.196827697753906250e+01
4.899533081054687500e+01, 9.972221374511718750e+01, 2.237589454650878906e+01, -9.231729888916015625e+01
4.911853027343750000e+01, 9.958189392089843750e+01, 2.213296890258789062e+01, -9.254113006591796875e+01
4.919726181030273438e+01, 9.959603118896484375e+01, 2.208128356933593750e+01, -9.254215240478515625e+01
4.933652877807617188e+01, 9.947534179687500000e+01, 2.174711799621582031e+01, -9.259428405761718750e+01
4.940831375122070312e+01, 9.949098205566406250e+01, 2.183937263488769531e+01, -9.240476226806640625e+01
4.954468917846679688e+01, 9.936489105224609375e+01, 2.150134468078613281e+01, -9.266912841796875000e+01
4.957672119140625000e+01, 9.944622039794921875e+01, 2.182794952392578125e+01, -9.266310119628906250e+01
4.962286376953125000e+01, 9.947890472412109375e+01, 2.182398605346679688e+01, -9.245566558837890625e+01
4.966003036499023438e+01, 9.950039672851562500e+01, 2.189978408813476562e+01, -9.241266632080078125e+01
4.978896713256835938e+01, 9.938977813720703125e+01, 2.160239219665527344e+01, -9.263860321044921875e+01
4.985800170898437500e+01, 9.939191436767578125e+01, 2.174299430847167969e+01, -9.265707397460937500e+01
4.992612075805664062e+01, 9.945380401611328125e+01, 2.164844131469726562e+01, -9.240437316894531250e+01
5.011527633666992188e+01, 9.920960998535156250e+01, 2.104069709777832031e+01, -9.265621185302734375e+01
5.019662094116210938e+01, 9.919815826416015625e+01, 2.097612953186035156e+01, -9.265213012695312500e+01
5.032632827758789062e+01, 9.909799957275390625e+01, 2.090364265441894531e+01, -9.285041046142578125e+01
5.049106979370117188e+01, 9.889043426513671875e+01, 2.045489311218261719e+01, -9.323607635498046875e+01
5.059918212890625000e+01, 9.879506683349609375e+01, 2.037150955200195312e+01, -9.346165466308593750e+01
5.063352966308593750e+01, 9.883124542236328125e+01, 2.056128501892089844e+01, -9.344559478759765625e+01
5.071894073486328125e+01, 9.876528930664062500e+01, 2.043525505065917969e+01, -9.351470947265625000e+01
5.075866699218750000e+01, 9.873536682128906250e+01, 2.056813240051269531e+01, -9.362795257568359375e+01
5.077087020874023438e+01, 9.882108306884765625e+01, 2.070893478393554688e+01, -9.323532867431640625e+01
5.080434417724609375e+01, 9.891355895996093750e+01, 2.087492561340332031e+01, -9.305462646484375000e+01
5.093910217285156250e+01, 9.870693206787109375e+01, 2.053741645812988281e+01, -9.344275665283203125e+01
5.104491424560546875e+01, 9.855385589599609375e+01, 2.025970268249511719e+01, -9.355088806152343750e+01
5.109950256347656250e+01, 9.857617950439453125e+01, 2.026933288574218750e+01, -9.351538848876953125e+01
5.122129058837890625e+01, 9.840583801269531250e+01, 1.993118476867675781e+01, -9.383935546875000000e+01
5.122761154174804688e+01, 9.855768585205078125e+01, 2.036004066467285156e+01, -9.360710906982421875e+01
5.130434036254882812e+01, 9.853382110595703125e+01, 2.036667823791503906e+01, -9.369181823730468750e+01
5.141349411010742188e+01, 9.853520965576171875e+01, 2.015499877929687500e+01, -9.368542480468750000e+01
5.148749923706054688e+01, 9.847144317626953125e+01, 2.040467643737792969e+01, -9.392150878906250000e+01
5.156919097900390625e+01, 9.846110534667968750e+01, 2.024917793273925781e+01, -9.388161468505859375e+01
5.171866226196289062e+01, 9.834320068359375000e+01, 2.006504821777343750e+01, -9.424782562255859375e+01
5.172006607055664062e+01, 9.844775390625000000e+01, 2.029598236083984375e+01, -9.405273437500000000e+01
5.186986160278320312e+01, 9.822022247314453125e+01, 2.015186119079589844e+01, -9.466012573242187500e+01
5.195811462402343750e+01, 9.810948181152343750e+01, 2.004526329040527344e+01, -9.502858734130859375e+01
5.204024124145507812e+01, 9.807725524902343750e+01, 2.010819244384765625e+01, -9.513197326660156250e+01
5.210408782958984375e+01, 9.808006286621093750e+01, 2.011972808837890625e+01, -9.515280151367187500e+01
5.217557144165039062e+01, 9.813037872314453125e+01, 2.015261840820312500e+01, -9.501490783691406250e+01
5.231337738037109375e+01, 9.796335601806640625e+01, 1.982391357421875000e+01, -9.536125946044921875e+01
5.229877090454101562e+01, 9.814559936523437500e+01, 2.020413780212402344e+01, -9.503544616699218750e+01
5.240986251831054688e+01, 9.803681945800781250e+01, 2.009291839599609375e+01, -9.526603698730468750e+01
5.249148559570312500e+01, 9.798217010498046875e+01, 2.005731964111328125e+01, -9.533751678466796875e+01
5.259536743164062500e+01, 9.789212799072265625e+01, 1.990268135070800781e+01, -9.539778900146484375e+01
5.263713073730468750e+01, 9.793041229248046875e+01, 1.996878433227539062e+01, -9.528915405273437500e+01
5.273463821411132812e+01, 9.787078094482421875e+01, 1.994496154785156250e+01, -9.552287292480468750e+01
5.280459976196289062e+01, 9.788527679443359375e+01, 1.984626197814941406e+01, -9.543678283691406250e+01
5.281631088256835938e+01, 9.797078704833984375e+01, 1.999126243591308594e+01, -9.517621612548828125e+01
5.302867889404296875e+01, 9.768355560302734375e+01, 1.944081497192382812e+01, -9.556723785400390625e+01
5.309912490844726562e+01, 9.766956329345703125e+01, 1.945768737792968750e+01, -9.559938812255859375e+01
5.318094253540039062e+01, 9.761671447753906250e+01, 1.928618621826171875e+01, -9.559795379638671875e+01
5.321899795532226562e+01, 9.763692474365234375e+01, 1.926569175720214844e+01, -9.539359283447265625e+01
5.323365402221679688e+01, 9.773719024658203125e+01, 1.949930572509765625e+01, -9.517430114746093750e+01
5.331662750244140625e+01, 9.770407104492187500e+01, 1.939096450805664062e+01, -9.514177703857421875e+01
5.338429260253906250e+01, 9.764405822753906250e+01, 1.941536140441894531e+01, -9.523338317871093750e+01
5.347557449340820312e+01, 9.761966705322265625e+01, 1.918970870971679688e+01, -9.521989440917968750e+01
5.347326278686523438e+01, 9.780625152587890625e+01, 1.936880683898925781e+01, -9.482220458984375000e+01
5.366229248046875000e+01, 9.755359649658203125e+01, 1.884970283508300781e+01, -9.512503051757812500e+01
5.373771286010742188e+01, 9.761411285400390625e+01, 1.870987129211425781e+01, -9.484222412109375000e+01
5.378098297119140625e+01, 9.765474700927734375e+01, 1.886459732055664062e+01, -9.467273712158203125e+01
5.389749145507812500e+01, 9.754625701904296875e+01, 1.874655914306640625e+01, -9.484678649902343750e+01
5.402042770385742188e+01, 9.750956726074218750e+01, 1.867666244506835938e+01, -9.498338317871093750e+01
5.409416198730468750e+01, 9.747210693359375000e+01, 1.877539443969726562e+01, -9.509491729736328125e+01
5.412798690795898438e+01, 9.758287048339843750e+01, 1.884835433959960938e+01, -9.478071594238281250e+01
5.415701293945312500e+01, 9.762994384765625000e+01, 1.911460113525390625e+01, -9.481126403808593750e+01
5.419078063964843750e+01, 9.775585937500000000e+01, 1.939317703247070312e+01, -9.463019561767578125e+01
5.430927276611328125e+01, 9.766282653808593750e+01, 1.916784286499023438e+01, -9.481266021728515625e+01
5.449511337280273438e+01, 9.741589355468750000e+01, 1.885218429565429688e+01, -9.529776763916015625e+01
5.456056976318359375e+01, 9.740532684326171875e+01, 1.878512954711914062e+01, -9.539654541015625000e+01
5.465503311157226562e+01, 9.733970642089843750e+01, 1.867421531677246094e+01, -9.556629943847656250e+01
5.476568984985351562e+01, 9.724306488037109375e+01, 1.849611473083496094e+01, -9.570421600341796875e+01
5.486577224731445312e+01, 9.714745330810546875e+01, 1.825698661804199219e+01, -9.590541076660156250e+01
5.491146469116210938e+01, 9.717866516113281250e+01, 1.835091781616210938e+01, -9.585074615478515625e+01
5.492478179931640625e+01, 9.727262115478515625e+01, 1.858831596374511719e+01, -9.565581512451171875e+01
5.489461898803710938e+01, 9.742618560791015625e+01, 1.899986457824707031e+01, -9.534209442138671875e+01
5.504209899902343750e+01, 9.724302673339843750e+01, 1.871154975891113281e+01, -9.569620513916015625e+01
5.517201995849609375e+01, 9.710775756835937500e+01, 1.850238800048828125e+01, -9.583718109130859375e+01
5.528700637817382812e+01, 9.704288482666015625e+01, 1.837791252136230469e+01, -9.584211730957031250e+01
5.541944503784179688e+01, 9.689562988281250000e+01, 1.828074073791503906e+01, -9.613794708251953125e+01
5.539139556884765625e+01, 9.706809234619140625e+01, 1.858213615417480469e+01, -9.582200622558593750e+01
5.556647491455078125e+01, 9.688854980468750000e+01, 1.829255294799804688e+01, -9.613966369628906250e+01
5.571380996704101562e+01, 9.676199340820312500e+01, 1.797037315368652344e+01, -9.626799774169921875e+01
5.576401519775390625e+01, 9.676080322265625000e+01, 1.808400726318359375e+01, -9.630568695068359375e+01
5.599609375000000000e+01, 9.646619415283203125e+01, 1.763316345214843750e+01, -9.677722167968750000e+01
5.605077743530273438e+01, 9.644954681396484375e+01, 1.766924285888671875e+01, -9.678431701660156250e+01
5.613712310791015625e+01, 9.638472747802734375e+01, 1.755110740661621094e+01, -9.680738067626953125e+01
5.623137283325195312e+01, 9.634722137451171875e+01, 1.751066589355468750e+01, -9.686074829101562500e+01
5.628044128417968750e+01, 9.638537597656250000e+01, 1.755849456787109375e+01, -9.670413208007812500e+01
5.632984924316406250e+01, 9.645545196533203125e+01, 1.770520210266113281e+01, -9.647286224365234375e+01
5.635443496704101562e+01, 9.653729248046875000e+01, 1.786397552490234375e+01, -9.624156951904296875e+01
5.646451568603515625e+01, 9.643469238281250000e+01, 1.782593917846679688e+01, -9.648426055908203125e+01
5.665256118774414062e+01, 9.621398925781250000e+01, 1.737432098388671875e+01, -9.688642883300781250e+01
5.674345016479492188e+01, 9.616297149658203125e+01, 1.722736930847167969e+01, -9.672911834716796875e+01
5.677211380004882812e+01, 9.624671173095703125e+01, 1.739473724365234375e+01, -9.658109283447265625e+01
5.681275177001953125e+01, 9.629210662841796875e+01, 1.736685180664062500e+01, -9.629917144775390625e+01
5.687047576904296875e+01, 9.629727935791015625e+01, 1.743544006347656250e+01, -9.636116027832031250e+01
5.691481781005859375e+01, 9.634582519531250000e+01, 1.743223953247070312e+01, -9.614983367919921875e+01
5.698060607910156250e+01, 9.632498168945312500e+01, 1.752613639831542969e+01, -9.625412750244140625e+01
5.713668823242187500e+01, 9.616303253173828125e+01, 1.732670974731445312e+01, -9.647541046142578125e+01
5.718782424926757812e+01, 9.619973754882812500e+01, 1.750238800048828125e+01, -9.639694213867187500e+01
5.723714828491210938e+01, 9.624221801757812500e+01, 1.743985366821289062e+01, -9.626331329345703125e+01
5.736894607543945312e+01, 9.613528442382812500e+01, 1.722527313232421875e+01, -9.632383728027343750e+01
5.742866897583007812e+01, 9.612461090087890625e+01, 1.726401329040527344e+01, -9.638739776611328125e+01
5.742992782592773438e+01, 9.624674987792968750e+01, 1.738426208496093750e+01, -9.600122833251953125e+01
5.756433105468750000e+01, 9.611491394042968750e+01, 1.730340385437011719e+01, -9.624945068359375000e+01
5.765464401245117188e+01, 9.604776763916015625e+01, 1.705017089843750000e+01, -9.627843475341796875e+01
5.765265274047851562e+01, 9.616604614257812500e+01, 1.739099311828613281e+01, -9.607594299316406250e+01
5.776126480102539062e+01, 9.609793090820312500e+01, 1.727754020690917969e+01, -9.616914367675781250e+01
5.784544372558593750e+01, 9.606784820556640625e+01, 1.735986137390136719e+01, -9.620617675781250000e+01
5.795972824096679688e+01, 9.596733093261718750e+01, 1.711065292358398438e+01, -9.630340576171875000e+01
5.801784896850585938e+01, 9.598068237304687500e+01, 1.721834945678710938e+01, -9.630946350097656250e+01
5.816281127929687500e+01, 9.580657958984375000e+01, 1.699957656860351562e+01, -9.661470031738281250e+01
5.827410507202148438e+01, 9.572010803222656250e+01, 1.698638343811035156e+01, -9.674115753173828125e+01
5.838967895507812500e+01, 9.560855865478515625e+01, 1.706581687927246094e+01, -9.692480468750000000e+01
5.848028182983398438e+01, 9.555602264404296875e+01, 1.690066528320312500e+01, -9.692716979980468750e+01
5.858457565307617188e+01, 9.546971893310546875e+01, 1.686278343200683594e+01, -9.709228515625000000e+01
5.871377563476562500e+01, 9.532847595214843750e+01, 1.669232940673828125e+01, -9.728176879882812500e+01
5.882479858398437500e+01, 9.521354675292968750e+01, 1.659935188293457031e+01, -9.752758789062500000e+01
5.898128890991210938e+01, 9.504421234130859375e+01, 1.623991012573242188e+01, -9.764225006103515625e+01
5.906756973266601562e+01, 9.497160339355468750e+01, 1.618594741821289062e+01, -9.770432281494140625e+01
5.912601470947265625e+01, 9.497817230224609375e+01, 1.619315910339355469e+01, -9.766983795166015625e+01
5.919810104370117188e+01, 9.494735717773437500e+01, 1.644981575012207031e+01, -9.776590728759765625e+01
5.924602508544921875e+01, 9.496138000488281250e+01, 1.642413711547851562e+01, -9.767493438720703125e+01
5.920941925048828125e+01, 9.515683746337890625e+01, 1.669714927673339844e+01, -9.727953338623046875e+01
5.935342407226562500e+01, 9.497332000732421875e+01, 1.625659942626953125e+01, -9.753046417236328125e+01
5.944525909423828125e+01, 9.490850830078125000e+01, 1.615372467041015625e+01, -9.754631805419921875e+01
5.947774124145507812e+01, 9.496111297607421875e+01, 1.635887527465820312e+01, -9.735276031494140625e+01
5.966948318481445312e+01, 9.471886444091796875e+01, 1.596435070037841797e+01, -9.772855377197265625e+01
5.977545166015625000e+01, 9.462586212158203125e+01, 1.576264572143554688e+01, -9.773500823974609375e+01
5.979119491577148438e+01, 9.470725250244140625e+01, 1.610573196411132812e+01, -9.761636352539062500e+01
5.978707504272460938e+01, 9.484346008300781250e+01, 1.637638282775878906e+01, -9.721151733398437500e+01
5.980815124511718750e+01, 9.491307830810546875e+01, 1.645713806152343750e+01, -9.705741882324218750e+01
5.988843536376953125e+01, 9.486631011962890625e+01, 1.652868652343750000e+01, -9.728154754638671875e+01
5.992684555053710938e+01, 9.493391418457031250e+01, 1.681784820556640625e+01, -9.727106475830078125e+01
5.997591400146484375e+01, 9.495642852783203125e+01, 1.691926765441894531e+01, -9.719359588623046875e+01
6.011159133911132812e+01, 9.479238128662109375e+01, 1.672871589660644531e+01, -9.758837890625000000e+01
6.024683380126953125e+01, 9.465213012695312500e+01, 1.644733619689941406e+01, -9.770403289794921875e+01
6.032499313354492188e+01, 9.461936187744140625e+01, 1.638994026184082031e+01, -9.788092803955078125e+01
6.039656448364257812e+01, 9.459703826904296875e+01, 1.643951797485351562e+01, -9.793006134033203125e+01
6.041455841064453125e+01, 9.467184448242187500e+01, 1.655932426452636719e+01, -9.772944641113281250e+01
6.051135635375976562e+01, 9.458827209472656250e+01, 1.637898445129394531e+01, -9.779526519775390625e+01
6.064781951904296875e+01, 9.444222259521484375e+01, 1.626654434204101562e+01, -9.803849029541015625e+01
6.082916641235351562e+01, 9.421565246582031250e+01, 1.615110397338867188e+01, -9.848542785644531250e+01
6.083409118652343750e+01, 9.430669403076171875e+01, 1.630459022521972656e+01, -9.815256500244140625e+01
6.094727706909179688e+01, 9.419005584716796875e+01, 1.607521629333496094e+01, -9.833177947998046875e+01
6.104372406005859375e+01, 9.411998748779296875e+01, 1.613637542724609375e+01, -9.851281738281250000e+01
6.123003768920898438e+01, 9.386987304687500000e+01, 1.585454845428466797e+01, -9.893891906738281250e+01
6.133805465698242188e+01, 9.377451324462890625e+01, 1.580015754699707031e+01, -9.913092041015625000e+01
6.136897277832031250e+01, 9.383239746093750000e+01, 1.589465332031250000e+01, -9.899471282958984375e+01
6.143430709838867188e+01, 9.380921936035156250e+01, 1.589634323120117188e+01, -9.904386138916015625e+01
6.148863220214843750e+01, 9.380460357666015625e+01, 1.584225177764892578e+01, -9.883229064941406250e+01
6.149037551879882812e+01, 9.388712310791015625e+01, 1.583050251007080078e+01, -9.849868011474609375e+01
6.153895950317382812e+01, 9.390817260742187500e+01, 1.590906238555908203e+01, -9.832975769042968750e+01
6.160921096801757812e+01, 9.388975524902343750e+01, 1.604152870178222656e+01, -9.832825469970703125e+01
6.169161987304687500e+01, 9.381888580322265625e+01, 1.581859302520751953e+01, -9.824321746826171875e+01
6.181178665161132812e+01, 9.368502044677734375e+01, 1.561399173736572266e+01, -9.841691589355468750e+01
6.197755813598632812e+01, 9.350325775146484375e+01, 1.548535060882568359e+01, -9.876153564453125000e+01
6.205295181274414062e+01, 9.349735260009765625e+01, 1.564092063903808594e+01, -9.881600189208984375e+01
6.208031082153320312e+01, 9.354542541503906250e+01, 1.573651790618896484e+01, -9.858686065673828125e+01
6.218214797973632812e+01, 9.347075653076171875e+01, 1.590937042236328125e+01, -9.880171203613281250e+01
6.225000381469726562e+01, 9.345079040527343750e+01, 1.590362167358398438e+01, -9.875614929199218750e+01
6.237322998046875000e+01, 9.329940032958984375e+01, 1.567678642272949219e+01, -9.894395446777343750e+01
6.241844177246093750e+01, 9.330279541015625000e+01, 1.569090557098388672e+01, -9.886167144775390625e+01
6.255326843261718750e+01, 9.317170715332031250e+01, 1.553667068481445312e+01, -9.906145477294921875e+01
6.264840316772460938e+01, 9.310948944091796875e+01, 1.557023334503173828e+01, -9.918488311767578125e+01
6.269964599609375000e+01, 9.313319396972656250e+01, 1.574735832214355469e+01, -9.916178894042968750e+01
6.283565902709960938e+01, 9.296786499023437500e+01, 1.554253196716308594e+01, -9.937747192382812500e+01
6.290299606323242188e+01, 9.296394348144531250e+01, 1.538618373870849609e+01, -9.923524475097656250e+01
6.299712753295898438e+01, 9.289642333984375000e+01, 1.542879199981689453e+01, -9.932965087890625000e+01
6.310315704345703125e+01, 9.279579925537109375e+01, 1.533181667327880859e+01, -9.954750061035156250e+01
6.320090484619140625e+01, 9.271486663818359375e+01, 1.516885662078857422e+01, -9.960356140136718750e+01
6.328566741943359375e+01, 9.266303253173828125e+01, 1.526171970367431641e+01, -9.981074523925781250e+01
6.338544845581054688e+01, 9.257986450195312500e+01, 1.528823566436767578e+01, -9.999970245361328125e+01
6.344409179687500000e+01, 9.256441497802734375e+01, 1.521686744689941406e+01, -9.990061187744140625e+01
6.353609466552734375e+01, 9.250826263427734375e+01, 1.520053768157958984e+01, -1.000327529907226562e+02
6.366152191162109375e+01, 9.236753082275390625e+01, 1.503216552734375000e+01, -1.002258377075195312e+02
6.369972610473632812e+01, 9.237940216064453125e+01, 1.517711448669433594e+01, -1.003366546630859375e+02
6.377283477783203125e+01, 9.234126281738281250e+01, 1.526066303253173828e+01, -1.003698501586914062e+02
6.381290817260742188e+01, 9.235591125488281250e+01, 1.541382026672363281e+01, -1.003638687133789062e+02
6.378881072998046875e+01, 9.250524902343750000e+01, 1.558840942382812500e+01, -1.000095367431640625e+02
6.389940261840820312e+01, 9.240658569335937500e+01, 1.545271301269531250e+01, -1.000197830200195312e+02
6.388206100463867188e+01, 9.253966522216796875e+01, 1.566537475585937500e+01, -9.961772918701171875e+01
6.391912078857421875e+01, 9.256427001953125000e+01, 1.566697311401367188e+01, -9.947827911376953125e+01
6.403781890869140625e+01, 9.246420288085937500e+01, 1.541994571685791016e+01, -9.949816894531250000e+01
6.412110137939453125e+01, 9.239996337890625000e+01, 1.538479804992675781e+01, -9.963578033447265625e+01
6.419554138183593750e+01, 9.236593627929687500e+01, 1.539964485168457031e+01, -9.968758392333984375e+01
6.432389831542968750e+01, 9.221696472167968750e+01, 1.518506431579589844e+01, -9.975396728515625000e+01
6.439427185058593750e+01, 9.217234039306640625e+01, 1.519965267181396484e+01, -9.966661071777343750e+01
6.443683624267578125e+01, 9.218104553222656250e+01, 1.532330513000488281e+01, -9.968045043945312500e+01
6.441777038574218750e+01, 9.231608581542968750e+01, 1.553761768341064453e+01, -9.934726715087890625e+01
6.450990295410156250e+01, 9.225643920898437500e+01, 1.546414852142333984e+01, -9.938894653320312500e+01
6.454103851318359375e+01, 9.231308746337890625e+01, 1.541915416717529297e+01, -9.910688781738281250e+01
6.464173889160156250e+01, 9.223164367675781250e+01, 1.561462688446044922e+01, -9.947309875488281250e+01
6.472248077392578125e+01, 9.216696929931640625e+01, 1.549331665039062500e+01, -9.943312835693359375e+01
6.482565307617187500e+01, 9.206804656982421875e+01, 1.557076644897460938e+01, -9.973237609863281250e+01
6.501122283935546875e+01, 9.181716918945312500e+01, 1.527558517456054688e+01, -1.001420364379882812e+02
6.508751678466796875e+01, 9.175117492675781250e+01, 1.518220520019531250e+01, -9.999273681640625000e+01
6.522052764892578125e+01, 9.160616302490234375e+01, 1.504532527923583984e+01, -1.002667160034179688e+02
6.535774993896484375e+01, 9.149047851562500000e+01, 1.500091648101806641e+01, -1.006998519897460938e+02
6.530596923828125000e+01, 9.168587493896484375e+01, 1.542240905761718750e+01, -1.003946075439453125e+02
6.532365417480468750e+01, 9.173311614990234375e+01, 1.583259487152099609e+01, -1.004103927612304688e+02
6.526433563232421875e+01, 9.193543243408203125e+01, 1.605378723144531250e+01, -9.984849548339843750e+01
6.546791076660156250e+01, 9.167936706542968750e+01, 1.575162410736083984e+01, -1.003892745971679688e+02
6.549329376220703125e+01, 9.174305725097656250e+01, 1.569663333892822266e+01, -1.000983581542968750e+02
6.569555664062500000e+01, 9.146706390380859375e+01, 1.549785709381103516e+01, -1.005350265502929688e+02
6.570176696777343750e+01, 9.155705261230468750e+01, 1.559893989562988281e+01, -1.002337188720703125e+02
6.572657012939453125e+01, 9.160182189941406250e+01, 1.564905452728271484e+01, -9.999360656738281250e+01
6.566702270507812500e+01, 9.181282806396484375e+01, 1.599570178985595703e+01, -9.965483856201171875e+01
6.570565032958984375e+01, 9.183412170410156250e+01, 1.600065994262695312e+01, -9.944467926025390625e+01
6.576231384277343750e+01, 9.180665588378906250e+01, 1.616268730163574219e+01, -9.954795074462890625e+01
6.584169006347656250e+01, 9.175767517089843750e+01, 1.594035339355468750e+01, -9.932265472412109375e+01
6.586287689208984375e+01, 9.180912780761718750e+01, 1.611874389648437500e+01, -9.921404266357421875e+01
6.584511566162109375e+01, 9.195858001708984375e+01, 1.643825721740722656e+01, -9.904319763183593750e+01
6.593138122558593750e+01, 9.188477325439453125e+01, 1.647321701049804688e+01, -9.911124420166015625e+01
6.599674224853515625e+01, 9.187400054931640625e+01, 1.655681037902832031e+01, -9.920030212402343750e+01
6.601972198486328125e+01, 9.193308258056640625e+01, 1.659908866882324219e+01, -9.888451385498046875e+01
6.607448577880859375e+01, 9.192779541015625000e+01, 1.655116462707519531e+01, -9.875844573974609375e+01
6.616531372070312500e+01, 9.186610412597656250e+01, 1.652103614807128906e+01, -9.891654968261718750e+01
6.622808074951171875e+01, 9.183228302001953125e+01, 1.639526367187500000e+01, -9.873666381835937500e+01
6.627147674560546875e+01, 9.186086273193359375e+01, 1.631703567504882812e+01, -9.844488525390625000e+01
6.635548400878906250e+01, 9.179690551757812500e+01, 1.630057907104492188e+01, -9.853370666503906250e+01
6.636476135253906250e+01, 9.187724304199218750e+01, 1.653244590759277344e+01, -9.839577484130859375e+01
6.646908569335937500e+01, 9.178536224365234375e+01, 1.645634078979492188e+01, -9.851743316650390625e+01
6.657844543457031250e+01, 9.168096923828125000e+01, 1.647438240051269531e+01, -9.862055206298828125e+01
6.662207794189453125e+01, 9.168855285644531250e+01, 1.642673683166503906e+01, -9.844499206542968750e+01
6.669989776611328125e+01, 9.163641357421875000e+01, 1.651684188842773438e+01, -9.858100891113281250e+01
6.675653076171875000e+01, 9.161936950683593750e+01, 1.661671257019042969e+01, -9.855949401855468750e+01
6.687728118896484375e+01, 9.148571777343750000e+01, 1.666365623474121094e+01, -9.879212188720703125e+01
6.691653442382812500e+01, 9.152409362792968750e+01, 1.657233619689941406e+01, -9.855726623535156250e+01
6.704038238525390625e+01, 9.138027954101562500e+01, 1.661943435668945312e+01, -9.889180755615234375e+01
6.710422515869140625e+01, 9.134015655517578125e+01, 1.667534255981445312e+01, -9.889794158935546875e+01
6.716387939453125000e+01, 9.132099151611328125e+01, 1.674670982360839844e+01, -9.890701293945312500e+01
6.726580810546875000e+01, 9.123012542724609375e+01, 1.671868515014648438e+01, -9.909053802490234375e+01
6.741648101806640625e+01, 9.107894897460937500e+01, 1.647134780883789062e+01, -9.931288146972656250e+01
6.741665649414062500e+01, 9.114879608154296875e+01, 1.679030609130859375e+01, -9.909825134277343750e+01
6.753602600097656250e+01, 9.104382324218750000e+01, 1.689828872680664062e+01, -9.947418975830078125e+01
6.764176940917968750e+01, 9.094735717773437500e+01, 1.677563285827636719e+01, -9.957632446289062500e+01
6.767082977294921875e+01, 9.097755432128906250e+01, 1.719039344787597656e+01, -9.979161834716796875e+01
6.772705841064453125e+01, 9.096389007568359375e+01, 1.735945320129394531e+01, -9.982201385498046875e+01
6.780898284912109375e+01, 9.090355682373046875e+01, 1.728985214233398438e+01, -9.982881164550781250e+01
6.788198089599609375e+01, 9.086156463623046875e+01, 1.737843322753906250e+01, -9.996292877197265625e+01
6.791751861572265625e+01, 9.088710021972656250e+01, 1.735965156555175781e+01, -9.970741271972656250e+01
6.800950622558593750e+01, 9.081407165527343750e+01, 1.735451126098632812e+01, -9.973118591308593750e+01
6.810781860351562500e+01, 9.075113677978515625e+01, 1.728712463378906250e+01, -9.985995483398437500e+01
6.823365020751953125e+01, 9.062568664550781250e+01, 1.728743934631347656e+01, -1.001067810058593750e+02
6.830551147460937500e+01, 9.059592437744140625e+01, 1.737704277038574219e+01, -1.002072143554687500e+02
6.840609741210937500e+01, 9.051624298095703125e+01, 1.731320953369140625e+01, -1.002281723022460938e+02
6.846444702148437500e+01, 9.051448059082031250e+01, 1.725122833251953125e+01, -1.001237792968750000e+02
6.856274414062500000e+01, 9.040526580810546875e+01, 1.721091842651367188e+01, -1.000404586791992188e+02
6.858208465576171875e+01, 9.044196319580078125e+01, 1.712285614013671875e+01, -9.967132568359375000e+01
6.864962005615234375e+01, 9.039707183837890625e+01, 1.702417373657226562e+01, -9.942706298828125000e+01
6.871018218994140625e+01, 9.038455963134765625e+01, 1.701894569396972656e+01, -9.941416168212890625e+01
6.880615234375000000e+01, 9.029132080078125000e+01, 1.712923431396484375e+01, -9.965414428710937500e+01
6.888331604003906250e+01, 9.024853515625000000e+01, 1.721260070800781250e+01, -9.975834655761718750e+01
6.898381042480468750e+01, 9.013886260986328125e+01, 1.722272682189941406e+01, -9.991857910156250000e+01
6.905448150634765625e+01, 9.008684539794921875e+01, 1.724961090087890625e+01, -9.988545989990234375e+01
6.908675384521484375e+01, 9.009304046630859375e+01, 1.751426696777343750e+01, -9.976236724853515625e+01
6.918777465820312500e+01, 9.003031158447265625e+01, 1.729145240783691406e+01, -9.968463134765625000e+01
6.921750640869140625e+01, 9.005952453613281250e+01, 1.716764831542968750e+01, -9.934291839599609375e+01
6.927241516113281250e+01, 9.004556274414062500e+01, 1.717033195495605469e+01, -9.920585632324218750e+01
6.942411041259765625e+01, 8.987020111083984375e+01, 1.691733741760253906e+01, -9.940392303466796875e+01
6.945483398437500000e+01, 8.987627410888671875e+01, 1.720392417907714844e+01, -9.944089508056640625e+01
6.950611877441406250e+01, 8.986747741699218750e+01, 1.716954231262207031e+01, -9.927511596679687500e+01
6.961280822753906250e+01, 8.978528594970703125e+01, 1.698261833190917969e+01, -9.935999298095703125e+01
6.966399383544921875e+01, 8.976737976074218750e+01, 1.712610244750976562e+01, -9.931831359863281250e+01
6.976735687255859375e+01, 8.967140197753906250e+01, 1.694358444213867188e+01, -9.934733581542968750e+01
6.987330627441406250e+01, 8.957123565673828125e+01, 1.701306915283203125e+01, -9.957142639160156250e+01
6.995092773437500000e+01, 8.953692626953125000e+01, 1.702799224853515625e+01, -9.950066375732421875e+01
7.002517700195312500e+01, 8.947537994384765625e+01, 1.709178352355957031e+01, -9.955951690673828125e+01
7.008712768554687500e+01, 8.943083953857421875e+01, 1.707460212707519531e+01, -9.958311462402343750e+01
7.014796447753906250e+01, 8.938007354736328125e+01, 1.712356567382812500e+01, -9.951531982421875000e+01
7.019797515869140625e+01, 8.935041046142578125e+01, 1.732083511352539062e+01, -9.958253479003906250e+01
7.030150604248046875e+01, 8.924404144287109375e+01, 1.738858604431152344e+01, -9.985091400146484375e+01
7.036212158203125000e+01, 8.920524597167968750e+01, 1.756040382385253906e+01, -9.990909576416015625e+01
7.041963958740234375e+01, 8.916063690185546875e+01, 1.765227317810058594e+01, -9.997707366943359375e+01
7.044875335693359375e+01, 8.922977447509765625e+01, 1.752036857604980469e+01, -9.965853881835937500e+01
7.057976531982421875e+01, 8.907723999023437500e+01, 1.755006027221679688e+01, -1.000114746093750000e+02
7.060990905761718750e+01, 8.907688140869140625e+01, 1.777804183959960938e+01, -1.000610656738281250e+02
7.070089721679687500e+01, 8.901283264160156250e+01, 1.768712234497070312e+01, -1.000167617797851562e+02
7.080572509765625000e+01, 8.892272186279296875e+01, 1.762771797180175781e+01, -1.001226959228515625e+02
7.075255584716796875e+01, 8.905130767822265625e+01, 1.805638885498046875e+01, -9.986186218261718750e+01
7.081672668457031250e+01, 8.900589752197265625e+01, 1.808368873596191406e+01, -9.985536956787109375e+01
7.091474914550781250e+01, 8.892501831054687500e+01, 1.800400161743164062e+01, -9.988995361328125000e+01
7.100492095947265625e+01, 8.885977935791015625e+01, 1.807796478271484375e+01, -1.000678863525390625e+02
7.108853149414062500e+01, 8.880139160156250000e+01, 1.807020568847656250e+01, -1.000531539916992188e+02
7.115572357177734375e+01, 8.874860382080078125e+01, 1.822549247741699219e+01, -1.001620330810546875e+02
7.124765777587890625e+01, 8.867196655273437500e+01, 1.800444984436035156e+01, -1.000159072875976562e+02
7.126615905761718750e+01, 8.869669342041015625e+01, 1.822175979614257812e+01, -9.978913116455078125e+01
7.141100311279296875e+01, 8.853672790527343750e+01, 1.822864723205566406e+01, -1.002047500610351562e+02
7.147270202636718750e+01, 8.851987457275390625e+01, 1.805193519592285156e+01, -9.989859008789062500e+01
7.153836059570312500e+01, 8.847702026367187500e+01, 1.809711265563964844e+01, -9.984773254394531250e+01
7.163584899902343750e+01, 8.839728546142578125e+01, 1.808157730102539062e+01, -1.000347290039062500e+02
7.170437622070312500e+01, 8.837884521484375000e+01, 1.794193267822265625e+01, -9.976007080078125000e+01
7.173962402343750000e+01, 8.838643646240234375e+01, 1.796656990051269531e+01, -9.953819274902343750e+01
7.180346679687500000e+01, 8.836171722412109375e+01, 1.778196144104003906e+01, -9.938726043701171875e+01
7.185581970214843750e+01, 8.833035278320312500e+01, 1.807862854003906250e+01, -9.951991271972656250e+01
7.189654541015625000e+01, 8.831052398681640625e+01, 1.824601554870605469e+01, -9.947514343261718750e+01
7.199891662597656250e+01, 8.821683502197265625e+01, 1.821473693847656250e+01, -9.968619537353515625e+01
7.207912445068359375e+01, 8.819200134277343750e+01, 1.792031669616699219e+01, -9.942560577392578125e+01
7.217884063720703125e+01, 8.811402893066406250e+01, 1.783227157592773438e+01, -9.953477478027343750e+01
7.228234863281250000e+01, 8.804376983642578125e+01, 1.765222549438476562e+01, -9.952863311767578125e+01
7.232881927490234375e+01, 8.800563812255859375e+01, 1.796307945251464844e+01, -9.963252258300781250e+01
7.242462158203125000e+01, 8.788588714599609375e+01, 1.802869224548339844e+01, -9.992256164550781250e+01
7.248970031738281250e+01, 8.782800292968750000e+01, 1.825677871704101562e+01, -1.000844192504882812e+02
7.253621673583984375e+01, 8.778081512451171875e+01, 1.840082931518554688e+01, -9.997131347656250000e+01
7.273344421386718750e+01, 8.755928039550781250e+01, 1.800380706787109375e+01, -1.003183441162109375e+02
7.280404663085937500e+01, 8.751290130615234375e+01, 1.793098258972167969e+01, -1.002029037475585938e+02
7.284217071533203125e+01, 8.754634094238281250e+01, 1.794991493225097656e+01, -1.001384582519531250e+02
7.289183807373046875e+01, 8.748228454589843750e+01, 1.820840263366699219e+01, -1.001759796142578125e+02
7.307759094238281250e+01, 8.727708435058593750e+01, 1.788521957397460938e+01, -1.003751220703125000e+02
7.314111328125000000e+01, 8.723513031005859375e+01, 1.795878601074218750e+01, -1.003582763671875000e+02
7.321146392822265625e+01, 8.718057250976562500e+01, 1.802909278869628906e+01, -1.004153518676757812e+02
7.326968383789062500e+01, 8.716991424560546875e+01, 1.800618171691894531e+01, -1.003374404907226562e+02
7.329431152343750000e+01, 8.715258789062500000e+01, 1.838767623901367188e+01, -1.004403152465820312e+02
7.332959747314453125e+01, 8.715928649902343750e+01, 1.860262870788574219e+01, -1.003427886962890625e+02
7.345119476318359375e+01, 8.704179382324218750e+01, 1.842171478271484375e+01, -1.004225006103515625e+02
7.351219177246093750e+01, 8.697949218750000000e+01, 1.861326789855957031e+01, -1.006391601562500000e+02
7.359635925292968750e+01, 8.686522674560546875e+01, 1.875416183471679688e+01, -1.007115249633789062e+02
7.365213012695312500e+01, 8.682506561279296875e+01, 1.884542846679687500e+01, -1.007175674438476562e+02
7.371350860595703125e+01, 8.678064727783203125e+01, 1.905938720703125000e+01, -1.007882766723632812e+02
7.383792877197265625e+01, 8.664128875732421875e+01, 1.901783561706542969e+01, -1.010519332885742188e+02
7.385521697998046875e+01, 8.665914154052734375e+01, 1.915430641174316406e+01, -1.008893966674804688e+02
7.397262573242187500e+01, 8.650872039794921875e+01, 1.928942108154296875e+01, -1.012007675170898438e+02
7.397052764892578125e+01, 8.660484313964843750e+01, 1.938884735107421875e+01, -1.009643402099609375e+02
7.405612182617187500e+01, 8.653272247314453125e+01, 1.951524543762207031e+01, -1.011900863647460938e+02
7.407695007324218750e+01, 8.653479003906250000e+01, 1.983285331726074219e+01, -1.011335983276367188e+02
7.417052459716796875e+01, 8.647188568115234375e+01, 1.975879287719726562e+01, -1.011662673950195312e+02
7.426146697998046875e+01, 8.637408447265625000e+01, 1.974366760253906250e+01, -1.012356033325195312e+02
7.438607025146484375e+01, 8.622058105468750000e+01, 1.935772514343261719e+01, -1.011580352783203125e+02
7.437274932861328125e+01, 8.632152557373046875e+01, 1.957952117919921875e+01, -1.008188934326171875e+02
7.444286346435546875e+01, 8.626132202148437500e+01, 1.969261932373046875e+01, -1.007757644653320312e+02
7.443341064453125000e+01, 8.632494354248046875e+01, 1.983520698547363281e+01, -1.003873443603515625e+02
7.460336303710937500e+01, 8.611390686035156250e+01, 1.961272621154785156e+01, -1.006469268798828125e+02
7.478209686279296875e+01, 8.586125183105468750e+01, 1.920424652099609375e+01, -1.008878326416015625e+02
7.487689971923828125e+01, 8.575762176513671875e+01, 1.926123428344726562e+01, -1.009682922363281250e+02
7.499326324462890625e+01, 8.565005493164062500e+01, 1.909548950195312500e+01, -1.009606857299804688e+02
7.499010467529296875e+01, 8.574703216552734375e+01, 1.919852638244628906e+01, -1.006815414428710938e+02
7.505719757080078125e+01, 8.568965148925781250e+01, 1.940929222106933594e+01, -1.008770751953125000e+02
7.513830566406250000e+01, 8.562757873535156250e+01, 1.951294517517089844e+01, -1.010063400268554688e+02
7.523114776611328125e+01, 8.552050781250000000e+01, 1.956748771667480469e+01, -1.012069473266601562e+02
7.541093444824218750e+01, 8.527858734130859375e+01, 1.931321716308593750e+01, -1.016199874877929688e+02
7.542726135253906250e+01, 8.532857513427734375e+01, 1.964958000183105469e+01, -1.016091613769531250e+02
7.553276824951171875e+01, 8.521466064453125000e+01, 1.995303726196289062e+01, -1.020635223388671875e+02
7.558377075195312500e+01, 8.521359252929687500e+01, 2.014395332336425781e+01, -1.021557998657226562e+02
7.572784423828125000e+01, 8.500974273681640625e+01, 2.021495056152343750e+01, -1.026347274780273438e+02
7.579682159423828125e+01, 8.495452880859375000e+01, 2.031854057312011719e+01, -1.026996994018554688e+02
7.587687683105468750e+01, 8.489792633056640625e+01, 2.022808456420898438e+01, -1.026000061035156250e+02
7.601926422119140625e+01, 8.473484039306640625e+01, 2.012137413024902344e+01, -1.029232254028320312e+02
7.603066253662109375e+01, 8.478798675537109375e+01, 2.015547180175781250e+01, -1.026198959350585938e+02
7.597415924072265625e+01, 8.495300292968750000e+01, 2.031136322021484375e+01, -1.020203628540039062e+02
7.602067565917968750e+01, 8.494403839111328125e+01, 2.038887977600097656e+01, -1.019741210937500000e+02
7.614819335937500000e+01, 8.478048706054687500e+01, 2.023760032653808594e+01, -1.020374984741210938e+02
7.622342681884765625e+01, 8.472647857666015625e+01, 2.028209495544433594e+01, -1.020406341552734375e+02
7.623451995849609375e+01, 8.477684020996093750e+01, 2.057768821716308594e+01, -1.019394760131835938e+02
7.633838653564453125e+01, 8.467019653320312500e+01, 2.048952674865722656e+01, -1.020423355102539062e+02
7.634561920166015625e+01, 8.472761535644531250e+01, 2.047001266479492188e+01, -1.015981826782226562e+02
7.647479248046875000e+01, 8.457673645019531250e+01, 2.028138732910156250e+01, -1.017999877929687500e+02
7.658359527587890625e+01, 8.447396850585937500e+01, 2.014247512817382812e+01, -1.018829421997070312e+02
7.660827636718750000e+01, 8.451830291748046875e+01, 2.032063293457031250e+01, -1.018305969238281250e+02
7.665987396240234375e+01, 8.451886749267578125e+01, 2.042297363281250000e+01, -1.017884063720703125e+02
7.673573303222656250e+01, 8.445523834228515625e+01, 2.048620796203613281e+01, -1.018060455322265625e+02
7.668643188476562500e+01, 8.461447143554687500e+01, 2.078768539428710938e+01, -1.013386535644531250e+02
7.669396209716796875e+01, 8.467561340332031250e+01, 2.086952972412109375e+01, -1.010554885864257812e+02
7.676702880859375000e+01, 8.461862945556640625e+01, 2.092547988891601562e+01, -1.010422668457031250e+02
7.689933013916015625e+01, 8.446831512451171875e+01, 2.063601684570312500e+01, -1.011266784667968750e+02
7.691257476806640625e+01, 8.451520538330078125e+01, 2.075305747985839844e+01, -1.009043502807617188e+02
7.694863128662109375e+01, 8.451587677001953125e+01, 2.091161537170410156e+01, -1.008621444702148438e+02
7.703363037109375000e+01, 8.445206451416015625e+01, 2.100785064697265625e+01, -1.011584167480468750e+02
7.711576080322265625e+01, 8.438954162597656250e+01, 2.105551147460937500e+01, -1.013739700317382812e+02
7.718606567382812500e+01, 8.433712768554687500e+01, 2.105455970764160156e+01, -1.013010025024414062e+02
7.719377899169921875e+01, 8.439305877685546875e+01, 2.129449272155761719e+01, -1.011320419311523438e+02
7.726682281494140625e+01, 8.434283447265625000e+01, 2.136728668212890625e+01, -1.011584777832031250e+02
7.733508300781250000e+01, 8.428385925292968750e+01, 2.135465621948242188e+01, -1.010734710693359375e+02
7.741703796386718750e+01, 8.422506713867187500e+01, 2.148058128356933594e+01, -1.011841049194335938e+02
7.746070098876953125e+01, 8.422637176513671875e+01, 2.142561912536621094e+01, -1.009524459838867188e+02
7.752609252929687500e+01, 8.416714477539062500e+01, 2.139880371093750000e+01, -1.009343109130859375e+02
7.761138153076171875e+01, 8.409572601318359375e+01, 2.157496833801269531e+01, -1.010714721679687500e+02
7.774527740478515625e+01, 8.392955017089843750e+01, 2.152101135253906250e+01, -1.013223419189453125e+02
7.777903747558593750e+01, 8.392625427246093750e+01, 2.171973228454589844e+01, -1.012401580810546875e+02
7.789123535156250000e+01, 8.380037689208984375e+01, 2.184146690368652344e+01, -1.016313781738281250e+02
7.793765258789062500e+01, 8.380195617675781250e+01, 2.183831405639648438e+01, -1.014822235107421875e+02
7.800578308105468750e+01, 8.374611663818359375e+01, 2.180662536621093750e+01, -1.013758773803710938e+02
7.803828430175781250e+01, 8.374016571044921875e+01, 2.205200386047363281e+01, -1.012866897583007812e+02
7.811239624023437500e+01, 8.369122314453125000e+01, 2.199644279479980469e+01, -1.012736282348632812e+02
7.819746398925781250e+01, 8.362345123291015625e+01, 2.199698448181152344e+01, -1.013225326538085938e+02
7.828693389892578125e+01, 8.351628875732421875e+01, 2.200124549865722656e+01, -1.012851562500000000e+02
7.836993408203125000e+01, 8.341665649414062500e+01, 2.207172012329101562e+01, -1.012981262207031250e+02
7.842713928222656250e+01, 8.341959381103515625e+01, 2.219651031494140625e+01, -1.012923889160156250e+02
7.849289703369140625e+01, 8.335411834716796875e+01, 2.250698280334472656e+01, -1.014776229858398438e+02
7.856202697753906250e+01, 8.328976440429687500e+01, 2.272852134704589844e+01, -1.016838607788085938e+02
7.863986206054687500e+01, 8.323433685302734375e+01, 2.284585952758789062e+01, -1.018560791015625000e+02
7.869085693359375000e+01, 8.323382568359375000e+01, 2.301644706726074219e+01, -1.017745971679687500e+02
7.875740814208984375e+01, 8.318430328369140625e+01, 2.299286651611328125e+01, -1.018047790527343750e+02
7.882562255859375000e+01, 8.312037658691406250e+01, 2.317206573486328125e+01, -1.018225326538085938e+02
7.889981079101562500e+01, 8.305947113037109375e+01, 2.305513954162597656e+01, -1.019054718017578125e+02
7.893734741210937500e+01, 8.305354309082031250e+01, 2.322591209411621094e+01, -1.019066162109375000e+02
7.901974487304687500e+01, 8.298432159423828125e+01, 2.343552017211914062e+01, -1.020872802734375000e+02
7.910305786132812500e+01, 8.292061614990234375e+01, 2.351100540161132812e+01, -1.022269821166992188e+02
7.916213989257812500e+01, 8.286333465576171875e+01, 2.365389060974121094e+01, -1.022214279174804688e+02
7.923031616210937500e+01, 8.281433868408203125e+01, 2.380965614318847656e+01, -1.024063034057617188e+02
7.931086730957031250e+01, 8.274945068359375000e+01, 2.388995170593261719e+01, -1.025488662719726562e+02
7.937910461425781250e+01, 8.268897247314453125e+01, 2.392571449279785156e+01, -1.025889816284179688e+02
7.945381164550781250e+01, 8.263931274414062500e+01, 2.383196449279785156e+01, -1.026138000488281250e+02
7.952686309814453125e+01, 8.258119964599609375e+01, 2.379938697814941406e+01, -1.026244812011718750e+02
7.959375000000000000e+01, 8.251633453369140625e+01, 2.386517715454101562e+01, -1.025222091674804688e+02
7.966752624511718750e+01, 8.246275329589843750e+01, 2.374443817138671875e+01, -1.025320434570312500e+02
7.973393249511718750e+01, 8.242093658447265625e+01, 2.366982841491699219e+01, -1.023831481933593750e+02
7.980702209472656250e+01, 8.235944366455078125e+01, 2.375292968750000000e+01, -1.024789581298828125e+02
7.988229370117187500e+01, 8.229290771484375000e+01, 2.379436302185058594e+01, -1.025141983032226562e+02
7.996063232421875000e+01, 8.223041534423828125e+01, 2.387457847595214844e+01, -1.025390090942382812e+02
8.002040100097656250e+01, 8.218322753906250000e+01, 2.371824645996093750e+01, -1.025061569213867188e+02
8.008714294433593750e+01, 8.210841369628906250e+01, 2.392648887634277344e+01, -1.025674209594726562e+02
8.016016387939453125e+01, 8.205304718017578125e+01, 2.393615341186523438e+01, -1.024390945434570312e+02
8.023011016845703125e+01, 8.198738861083984375e+01, 2.407681083679199219e+01, -1.025176315307617188e+02
8.031161499023437500e+01, 8.192443847656250000e+01, 2.414386367797851562e+01, -1.025405807495117188e+02
8.038741302490234375e+01, 8.185320281982421875e+01, 2.415608215332031250e+01, -1.025870285034179688e+02
8.043955230712890625e+01, 8.179877471923828125e+01, 2.427178955078125000e+01, -1.025903472900390625e+02
8.051799011230468750e+01, 8.175028991699218750e+01, 2.413692665100097656e+01, -1.024397430419921875e+02
8.059080505371093750e+01, 8.168301391601562500e+01, 2.425685882568359375e+01, -1.025908737182617188e+02
8.066239166259765625e+01, 8.162020874023437500e+01, 2.430488777160644531e+01, -1.025693511962890625e+02
8.073326873779296875e+01, 8.155081939697265625e+01, 2.446618843078613281e+01, -1.026342391967773438e+02
8.080666351318359375e+01, 8.150324249267578125e+01, 2.442345428466796875e+01, -1.027231674194335938e+02
8.088142395019531250e+01, 8.143762969970703125e+01, 2.455769157409667969e+01, -1.028490982055664062e+02
8.094923400878906250e+01, 8.137938690185546875e+01, 2.460674667358398438e+01, -1.028180007934570312e+02
8.103197479248046875e+01, 8.130376434326171875e+01, 2.491727256774902344e+01, -1.030781478881835938e+02
8.110482788085937500e+01, 8.124658966064453125e+01, 2.484574317932128906e+01, -1.030667343139648438e+02
8.116986083984375000e+01, 8.119409942626953125e+01, 2.466801071166992188e+01, -1.028964080810546875e+02
8.123880767822265625e+01, 8.113861846923828125e+01, 2.465596580505371094e+01, -1.030207366943359375e+02
8.131455230712890625e+01, 8.107897186279296875e+01, 2.458420372009277344e+01, -1.028893737792968750e+02
8.138957977294921875e+01, 8.101227569580078125e+01, 2.489025497436523438e+01, -1.030901947021484375e+02
8.145734405517578125e+01, 8.095612335205078125e+01, 2.477404975891113281e+01, -1.029633331298828125e+02
8.152919006347656250e+01, 8.088801574707031250e+01, 2.499838256835937500e+01, -1.029749603271484375e+02
8.159945678710937500e+01, 8.082397460937500000e+01, 2.491729545593261719e+01, -1.028353118896484375e+02
8.167319488525390625e+01, 8.075833892822265625e+01, 2.531348609924316406e+01, -1.030999984741210938e+02
8.174773406982421875e+01, 8.068470001220703125e+01, 2.561802864074707031e+01, -1.032995910644531250e+02
8.181304931640625000e+01, 8.063057708740234375e+01, 2.558432006835937500e+01, -1.032598037719726562e+02
8.188571929931640625e+01, 8.057572937011718750e+01, 2.568917274475097656e+01, -1.033365707397460938e+02
8.196001434326171875e+01, 8.051859283447265625e+01, 2.562000274658203125e+01, -1.032629165649414062e+02
8.203507995605468750e+01, 8.046522521972656250e+01, 2.556474876403808594e+01, -1.032318267822265625e+02
8.210351562500000000e+01, 8.039603424072265625e+01, 2.577033996582031250e+01, -1.033082733154296875e+02
8.217345428466796875e+01, 8.032393646240234375e+01, 2.600467491149902344e+01, -1.033741378784179688e+02
8.224784088134765625e+01, 8.025778198242187500e+01, 2.628312683105468750e+01, -1.035487823486328125e+02
8.231748962402343750e+01, 8.019637298583984375e+01, 2.642779922485351562e+01, -1.036386260986328125e+02
8.238626861572265625e+01, 8.014084625244140625e+01, 2.646550369262695312e+01, -1.035716171264648438e+02
8.245989990234375000e+01, 8.007922363281250000e+01, 2.663816642761230469e+01, -1.036623840332031250e+02
8.252267456054687500e+01, 8.002146148681640625e+01, 2.665057754516601562e+01, -1.036716613769531250e+02
8.258733367919921875e+01, 7.997681427001953125e+01, 2.648062705993652344e+01, -1.034877853393554688e+02
8.266241455078125000e+01, 7.991606140136718750e+01, 2.659523010253906250e+01, -1.034250411987304688e+02
8.273608398437500000e+01, 7.986634826660156250e+01, 2.647224807739257812e+01, -1.032311019897460938e+02
8.279980468750000000e+01, 7.981330871582031250e+01, 2.651613807678222656e+01, -1.031944351196289062e+02
8.287037658691406250e+01, 7.974954223632812500e+01, 2.670252799987792969e+01, -1.033567123413085938e+02
8.293976593017578125e+01, 7.969725036621093750e+01, 2.680022048950195312e+01, -1.033883895874023438e+02
8.301464843750000000e+01, 7.963631439208984375e+01, 2.686283111572265625e+01, -1.034256896972656250e+02
8.308372497558593750e+01, 7.957575988769531250e+01, 2.664090347290039062e+01, -1.032608032226562500e+02
8.316123962402343750e+01, 7.950711822509765625e+01, 2.677086257934570312e+01, -1.033564758300781250e+02
8.323277282714843750e+01, 7.944486999511718750e+01, 2.684396553039550781e+01, -1.034200973510742188e+02
8.329701232910156250e+01, 7.938227844238281250e+01, 2.694114685058593750e+01, -1.034831771850585938e+02
8.336142730712890625e+01, 7.932231903076171875e+01, 2.706107711791992188e+01, -1.036267166137695312e+02
8.342709350585937500e+01, 7.927163696289062500e+01, 2.716160774230957031e+01, -1.036588668823242188e+02
8.349117279052734375e+01, 7.920726013183593750e+01, 2.729350280761718750e+01, -1.037938079833984375e+02
8.355699157714843750e+01, 7.914507293701171875e+01, 2.736058807373046875e+01, -1.038247528076171875e+02
8.362500000000000000e+01, 7.908259582519531250e+01, 2.739632606506347656e+01, -1.037842254638671875e+02
8.369336700439453125e+01, 7.902382659912109375e+01, 2.742958450317382812e+01, -1.037910308837890625e+02
8.376356506347656250e+01, 7.895923614501953125e+01, 2.730681610107421875e+01, -1.035232849121093750e+02
8.383396148681640625e+01, 7.890214538574218750e+01, 2.719404792785644531e+01, -1.035383071899414062e+02
8.390204620361328125e+01, 7.884158325195312500e+01, 2.731846427917480469e+01, -1.036194076538085938e+02
8.396383666992187500e+01, 7.878635406494140625e+01, 2.734964942932128906e+01, -1.035673828125000000e+02
8.402444458007812500e+01, 7.871945190429687500e+01, 2.765416717529296875e+01, -1.037084350585937500e+02
8.410150146484375000e+01, 7.865019226074218750e+01, 2.758064270019531250e+01, -1.035622558593750000e+02
8.418152618408203125e+01, 7.858961486816406250e+01, 2.754059600830078125e+01, -1.034293060302734375e+02
8.424222564697265625e+01, 7.852340698242187500e+01, 2.769999694824218750e+01, -1.034479598999023438e+02
8.431343841552734375e+01, 7.846102142333984375e+01, 2.777367401123046875e+01, -1.034031372070312500e+02
8.436358642578125000e+01, 7.842000579833984375e+01, 2.760080337524414062e+01, -1.033623809814453125e+02
8.442883300781250000e+01, 7.835776519775390625e+01, 2.761931991577148438e+01, -1.032897033691406250e+02
8.451168060302734375e+01, 7.829000091552734375e+01, 2.782597923278808594e+01, -1.035531158447265625e+02
8.457502746582031250e+01, 7.824493408203125000e+01, 2.777738761901855469e+01, -1.035014114379882812e+02
8.462947845458984375e+01, 7.820175933837890625e+01, 2.782388305664062500e+01, -1.035931854248046875e+02
8.469452667236328125e+01, 7.814621734619140625e+01, 2.784099960327148438e+01, -1.036053848266601562e+02
8.477814483642578125e+01, 7.808456420898437500e+01, 2.797428894042968750e+01, -1.036662216186523438e+02
8.482967376708984375e+01, 7.801880645751953125e+01, 2.790347862243652344e+01, -1.035900802612304688e+02
8.488739776611328125e+01, 7.796216583251953125e+01, 2.782358741760253906e+01, -1.036343460083007812e+02
8.495543670654296875e+01, 7.791047668457031250e+01, 2.789750480651855469e+01, -1.036695175170898438e+02
8.502139282226562500e+01, 7.784965515136718750e+01, 2.785926628112792969e+01, -1.036052398681640625e+02
8.507561492919921875e+01, 7.780333709716796875e+01, 2.800548934936523438e+01, -1.035134963989257812e+02
8.513908386230468750e+01, 7.775363159179687500e+01, 2.795215225219726562e+01, -1.036087265014648438e+02
8.519750213623046875e+01, 7.770961761474609375e+01, 2.804263877868652344e+01, -1.035631103515625000e+02
8.525120544433593750e+01, 7.765978240966796875e+01, 2.793875503540039062e+01, -1.033953704833984375e+02
8.532580566406250000e+01, 7.760025024414062500e+01, 2.810699844360351562e+01, -1.036041717529296875e+02
