3.979830169677734375e+01, 1.087485885620117188e+02, 1.082027053833007812e+02, -1.085835647583007812e+02
3.979753494262695312e+01, 1.087029876708984375e+02, 1.075426864624023438e+02, -1.078722152709960938e+02
3.993479156494140625e+01, 1.087018737792968750e+02, 7.016042327880859375e+01, -8.238775634765625000e+01
3.996505355834960938e+01, 1.087065963745117188e+02, 6.790539550781250000e+01, -8.182806396484375000e+01
3.996371078491210938e+01, 1.087077713012695312e+02, 6.780776214599609375e+01, -7.895821380615234375e+01
3.995665359497070312e+01, 1.087033462524414062e+02, 6.844737243652343750e+01, -7.913925933837890625e+01
3.998477554321289062e+01, 1.087289962768554688e+02, 6.834214782714843750e+01, -7.629262542724609375e+01
4.000228118896484375e+01, 1.087299957275390625e+02, 6.906181335449218750e+01, -7.666240692138671875e+01
4.000788879394531250e+01, 1.087351684570312500e+02, 6.879066467285156250e+01, -7.380519866943359375e+01
4.004712677001953125e+01, 1.087627944946289062e+02, 6.864532470703125000e+01, -7.106826782226562500e+01
4.005411911010742188e+01, 1.087604217529296875e+02, 6.658867645263671875e+01, -6.855740356445312500e+01
4.006982040405273438e+01, 1.087606964111328125e+02, 6.649532318115234375e+01, -6.593296813964843750e+01
4.008440780639648438e+01, 1.087641754150390625e+02, 6.652493286132812500e+01, -6.349627304077148438e+01
4.009251022338867188e+01, 1.087569274902343750e+02, 6.670522308349609375e+01, -6.113536834716796875e+01
4.010804367065429688e+01, 1.087541427612304688e+02, 6.759539031982421875e+01, -6.151396942138671875e+01
4.012443923950195312e+01, 1.087609024047851562e+02, 6.840350341796875000e+01, -6.185955047607421875e+01
4.013743209838867188e+01, 1.087715530395507812e+02, 6.924257659912109375e+01, -6.222400665283203125e+01
4.013205337524414062e+01, 1.087692871093750000e+02, 7.005265808105468750e+01, -6.253640365600585938e+01
4.015600967407226562e+01, 1.087746887207031250e+02, 7.027422332763671875e+01, -6.023443222045898438e+01
4.017425918579101562e+01, 1.087725219726562500e+02, 7.109875488281250000e+01, -6.056332778930664062e+01
4.019095230102539062e+01, 1.087699661254882812e+02, 7.192167663574218750e+01, -6.090996170043945312e+01
4.020194244384765625e+01, 1.087632980346679688e+02, 7.279705810546875000e+01, -6.128040313720703125e+01
4.022100067138671875e+01, 1.087676239013671875e+02, 7.083373260498046875e+01, -6.149732971191406250e+01
4.024280548095703125e+01, 1.087789459228515625e+02, 7.170853424072265625e+01, -6.186311721801757812e+01
4.029262542724609375e+01, 1.087732696533203125e+02, 7.190021514892578125e+01, -5.959484481811523438e+01
4.026967620849609375e+01, 1.087842788696289062e+02, 7.217221832275390625e+01, -5.739348983764648438e+01
4.032135391235351562e+01, 1.087887954711914062e+02, 7.238180541992187500e+01, -5.527766036987304688e+01
4.034248733520507812e+01, 1.087923049926757812e+02, 7.009103393554687500e+01, -5.575185775756835938e+01
4.035160064697265625e+01, 1.088017501831054688e+02, 6.794677734375000000e+01, -5.623526763916015625e+01
4.034877395629882812e+01, 1.087725601196289062e+02, 6.839267730712890625e+01, -5.420944976806640625e+01
4.035558319091796875e+01, 1.087753753662109375e+02, 6.864746856689453125e+01, -5.201998519897460938e+01
4.036223602294921875e+01, 1.087686309814453125e+02, 6.875766754150390625e+01, -4.979119110107421875e+01
4.037197494506835938e+01, 1.087667083740234375e+02, 6.694904327392578125e+01, -4.808470535278320312e+01
4.037537384033203125e+01, 1.087627182006835938e+02, 6.731587982177734375e+01, -4.583685684204101562e+01
4.039634704589843750e+01, 1.087613220214843750e+02, 6.848534393310546875e+01, -4.708811187744140625e+01
4.039171981811523438e+01, 1.087706298828125000e+02, 6.636501312255859375e+01, -4.865608596801757812e+01
4.041379165649414062e+01, 1.087708206176757812e+02, 6.459254455566406250e+01, -4.694486236572265625e+01
4.043590164184570312e+01, 1.087625808715820312e+02, 6.281274414062500000e+01, -4.829891586303710938e+01
4.046815872192382812e+01, 1.087591705322265625e+02, 6.124050140380859375e+01, -4.952304077148437500e+01
4.047817611694335938e+01, 1.087572708129882812e+02, 6.224691772460937500e+01, -5.034302902221679688e+01
4.048648834228515625e+01, 1.087491683959960938e+02, 6.340531921386718750e+01, -5.105077743530273438e+01
4.052813720703125000e+01, 1.087600097656250000e+02, 6.148661422729492188e+01, -5.199686050415039062e+01
4.054374313354492188e+01, 1.087674102783203125e+02, 6.244818496704101562e+01, -5.244403076171875000e+01
4.054645919799804688e+01, 1.087697372436523438e+02, 6.307456970214843750e+01, -5.043620681762695312e+01
4.056526184082031250e+01, 1.087729797363281250e+02, 6.412768554687500000e+01, -5.114222335815429688e+01
4.057185363769531250e+01, 1.087741394042968750e+02, 6.235186767578125000e+01, -5.213098144531250000e+01
4.057318878173828125e+01, 1.087661514282226562e+02, 6.332440567016601562e+01, -5.254917144775390625e+01
4.058456420898437500e+01, 1.087708816528320312e+02, 6.429496002197265625e+01, -5.305566787719726562e+01
4.060686874389648438e+01, 1.087908020019531250e+02, 6.235546493530273438e+01, -5.379698562622070312e+01
4.059764862060546875e+01, 1.087895965576171875e+02, 6.334146499633789062e+01, -5.426520919799804688e+01
4.060282135009765625e+01, 1.087798690795898438e+02, 6.428086853027343750e+01, -5.465276336669921875e+01
4.060158920288085938e+01, 1.087804107666015625e+02, 6.521560668945312500e+01, -5.505410385131835938e+01
4.064211273193359375e+01, 1.087760314941406250e+02, 6.560200500488281250e+01, -5.294558715820312500e+01
4.065833282470703125e+01, 1.087660675048828125e+02, 6.360491943359375000e+01, -5.362568283081054688e+01
4.067736434936523438e+01, 1.087573547363281250e+02, 6.452431488037109375e+01, -5.407988739013671875e+01
4.069984054565429688e+01, 1.087665481567382812e+02, 6.498728179931640625e+01, -5.206042861938476562e+01
4.072078704833984375e+01, 1.087659835815429688e+02, 6.602212524414062500e+01, -5.273352813720703125e+01
4.071588134765625000e+01, 1.087527770996093750e+02, 6.703050231933593750e+01, -5.335547256469726562e+01
4.072454452514648438e+01, 1.087558746337890625e+02, 6.804447174072265625e+01, -5.399237060546875000e+01
4.074394607543945312e+01, 1.087685317993164062e+02, 6.830545806884765625e+01, -5.177278518676757812e+01
4.079277420043945312e+01, 1.087781372070312500e+02, 6.869669342041015625e+01, -4.944287490844726562e+01
4.082995605468750000e+01, 1.087886657714843750e+02, 6.662614440917968750e+01, -5.082222747802734375e+01
4.088280105590820312e+01, 1.087851486206054688e+02, 6.463163757324218750e+01, -5.202324676513671875e+01
4.089917755126953125e+01, 1.087795639038085938e+02, 6.300887298583984375e+01, -5.027859878540039062e+01
4.090876770019531250e+01, 1.087698364257812500e+02, 6.124774932861328125e+01, -5.135702514648437500e+01
4.091827392578125000e+01, 1.087637100219726562e+02, 6.222075653076171875e+01, -5.184430694580078125e+01
4.092420959472656250e+01, 1.087680816650390625e+02, 6.322616958618164062e+01, -5.240678024291992188e+01
4.094744873046875000e+01, 1.087692794799804688e+02, 6.131575775146484375e+01, -5.318539810180664062e+01
4.095204162597656250e+01, 1.087620620727539062e+02, 6.206602478027343750e+01, -5.126749801635742188e+01
4.096014785766601562e+01, 1.087574768066406250e+02, 6.310426330566406250e+01, -5.177618026733398438e+01
4.097073364257812500e+01, 1.087573776245117188e+02, 6.141135787963867188e+01, -5.002657318115234375e+01
4.096870803833007812e+01, 1.087579956054687500e+02, 6.221329498291015625e+01, -4.810760498046875000e+01
4.098511123657226562e+01, 1.087548065185546875e+02, 6.333378219604492188e+01, -4.914590454101562500e+01
4.103462982177734375e+01, 1.087543945312500000e+02, 6.168685531616210938e+01, -5.044889831542968750e+01
4.103709030151367188e+01, 1.087535476684570312e+02, 6.261346435546875000e+01, -5.104092407226562500e+01
4.104002761840820312e+01, 1.087514877319335938e+02, 6.364939880371093750e+01, -5.162026214599609375e+01
4.103615570068359375e+01, 1.087436904907226562e+02, 6.472673797607421875e+01, -5.229267883300781250e+01
4.107506179809570312e+01, 1.087441406250000000e+02, 6.525220489501953125e+01, -5.019534301757812500e+01
4.109943771362304688e+01, 1.087709960937500000e+02, 6.325680160522460938e+01, -5.133652877807617188e+01
4.113182067871093750e+01, 1.087670822143554688e+02, 6.127127456665039062e+01, -5.228733444213867188e+01
4.116788101196289062e+01, 1.087730026245117188e+02, 5.956631088256835938e+01, -5.311387252807617188e+01
4.116407775878906250e+01, 1.087641754150390625e+02, 6.056351852416992188e+01, -5.357349014282226562e+01
4.118465042114257812e+01, 1.087692489624023438e+02, 6.135150527954101562e+01, -5.172926330566406250e+01
4.119736099243164062e+01, 1.087620849609375000e+02, 5.972423171997070312e+01, -5.260447311401367188e+01
4.120474624633789062e+01, 1.087514343261718750e+02, 6.065903091430664062e+01, -5.307772445678710938e+01
4.121111679077148438e+01, 1.087540893554687500e+02, 6.169651412963867188e+01, -5.361830520629882812e+01
4.124105072021484375e+01, 1.087588348388671875e+02, 6.265852737426757812e+01, -5.408820343017578125e+01
4.127718734741210938e+01, 1.087486419677734375e+02, 6.335189819335937500e+01, -5.214743423461914062e+01
4.128516006469726562e+01, 1.087455978393554688e+02, 6.393709564208984375e+01, -5.006170272827148438e+01
4.128720474243164062e+01, 1.087310867309570312e+02, 6.490312957763671875e+01, -5.078648376464843750e+01
4.128256225585937500e+01, 1.087090911865234375e+02, 6.531835937500000000e+01, -4.862466049194335938e+01
4.126718521118164062e+01, 1.087044067382812500e+02, 6.634849548339843750e+01, -4.953609466552734375e+01
4.126913833618164062e+01, 1.086921691894531250e+02, 6.465337371826171875e+01, -4.782911682128906250e+01
4.127552413940429688e+01, 1.086858825683593750e+02, 6.289796066284179688e+01, -4.606602859497070312e+01
4.130003356933593750e+01, 1.086929779052734375e+02, 6.104790115356445312e+01, -4.422315597534179688e+01
4.130518341064453125e+01, 1.086707763671875000e+02, 5.940219116210937500e+01, -4.595748901367187500e+01
4.133589553833007812e+01, 1.086645812988281250e+02, 5.780846405029296875e+01, -4.735565567016601562e+01
4.135290145874023438e+01, 1.086683349609375000e+02, 5.600645065307617188e+01, -4.544026947021484375e+01
4.137373352050781250e+01, 1.086754913330078125e+02, 5.444043350219726562e+01, -4.683059692382812500e+01
4.137862014770507812e+01, 1.086775207519531250e+02, 5.262158584594726562e+01, -4.488815689086914062e+01
4.138578796386718750e+01, 1.086829452514648438e+02, 5.370465469360351562e+01, -4.594144439697265625e+01
4.139298248291015625e+01, 1.086722869873046875e+02, 5.482716751098632812e+01, -4.700826263427734375e+01
4.142827224731445312e+01, 1.086532592773437500e+02, 5.342697525024414062e+01, -4.828899002075195312e+01
4.144007492065429688e+01, 1.086611785888671875e+02, 5.233729934692382812e+01, -4.944153213500976562e+01
4.144666671752929688e+01, 1.086501235961914062e+02, 5.331580734252929688e+01, -5.025859069824218750e+01
4.145903396606445312e+01, 1.086413421630859375e+02, 5.425772476196289062e+01, -5.093367767333984375e+01
4.145997238159179688e+01, 1.086289215087890625e+02, 5.515480804443359375e+01, -5.152692794799804688e+01
4.147039413452148438e+01, 1.086332015991210938e+02, 5.599820709228515625e+01, -4.968880081176757812e+01
4.147494125366210938e+01, 1.086323699951171875e+02, 5.703542709350585938e+01, -5.044012069702148438e+01
4.148736190795898438e+01, 1.086325836181640625e+02, 5.797430038452148438e+01, -5.106159210205078125e+01
4.149379730224609375e+01, 1.086275100708007812e+02, 5.883381652832031250e+01, -5.158185958862304688e+01
4.149476623535156250e+01, 1.086285934448242188e+02, 5.966994094848632812e+01, -5.205976486206054688e+01
4.150461578369140625e+01, 1.086370391845703125e+02, 6.045715332031250000e+01, -5.251661682128906250e+01
4.150994873046875000e+01, 1.086450729370117188e+02, 6.132291030883789062e+01, -5.299175262451171875e+01
4.150892257690429688e+01, 1.086404037475585938e+02, 5.950640869140625000e+01, -5.367950439453125000e+01
4.151752471923828125e+01, 1.086312332153320312e+02, 6.028521347045898438e+01, -5.415958786010742188e+01
4.152675628662109375e+01, 1.086118240356445312e+02, 6.116431808471679688e+01, -5.461229324340820312e+01
4.153280258178710938e+01, 1.086007003784179688e+02, 6.203944396972656250e+01, -5.503039169311523438e+01
4.152653884887695312e+01, 1.085966949462890625e+02, 6.302687454223632812e+01, -5.543884658813476562e+01
4.157472991943359375e+01, 1.085951004028320312e+02, 6.358959960937500000e+01, -5.357155990600585938e+01
4.158639144897460938e+01, 1.085981063842773438e+02, 6.406018829345703125e+01, -5.145339202880859375e+01
4.158472442626953125e+01, 1.085889282226562500e+02, 6.458876037597656250e+01, -4.930179214477539062e+01
4.161288070678710938e+01, 1.086029357910156250e+02, 6.260627365112304688e+01, -5.059619140625000000e+01
4.162735366821289062e+01, 1.085993576049804688e+02, 6.351672363281250000e+01, -5.118181991577148438e+01
4.163814926147460938e+01, 1.086060943603515625e+02, 6.402823638916015625e+01, -4.895940780639648438e+01
4.164041519165039062e+01, 1.085977859497070312e+02, 6.502904510498046875e+01, -4.979388809204101562e+01
4.165336990356445312e+01, 1.085912094116210938e+02, 6.554055786132812500e+01, -4.748669433593750000e+01
4.169107818603515625e+01, 1.085640487670898438e+02, 6.342528915405273438e+01, -4.890078353881835938e+01
4.171416473388671875e+01, 1.085720596313476562e+02, 6.167725753784179688e+01, -5.011314773559570312e+01
4.172251129150390625e+01, 1.085710449218750000e+02, 6.261661911010742188e+01, -5.069282913208007812e+01
4.173211288452148438e+01, 1.085687026977539062e+02, 6.352017593383789062e+01, -5.127783966064453125e+01
4.173667526245117188e+01, 1.085692291259765625e+02, 6.181735992431640625e+01, -4.957185745239257812e+01
4.174252700805664062e+01, 1.085750579833984375e+02, 6.271174240112304688e+01, -5.025826644897460938e+01
4.174489593505859375e+01, 1.085672149658203125e+02, 6.362931823730468750e+01, -5.088853836059570312e+01
4.175355148315429688e+01, 1.085689544677734375e+02, 6.449836730957031250e+01, -5.144541931152343750e+01
4.175591659545898438e+01, 1.085664901733398438e+02, 6.281575012207031250e+01, -4.972518157958984375e+01
4.176406097412109375e+01, 1.085639419555664062e+02, 6.378540420532226562e+01, -5.043284606933593750e+01
4.179336547851562500e+01, 1.085711441040039062e+02, 6.190483856201171875e+01, -5.154445266723632812e+01
4.180158996582031250e+01, 1.085676422119140625e+02, 6.271418380737304688e+01, -5.205029678344726562e+01
4.180697631835937500e+01, 1.085574035644531250e+02, 6.311837768554687500e+01, -4.987881088256835938e+01
4.180310821533203125e+01, 1.085495834350585938e+02, 6.404607391357421875e+01, -5.052153778076171875e+01
4.180245971679687500e+01, 1.085410079956054688e+02, 6.492096710205078125e+01, -5.119965362548828125e+01
4.181639099121093750e+01, 1.085463867187500000e+02, 6.580091857910156250e+01, -5.179087066650390625e+01
4.183189392089843750e+01, 1.085548553466796875e+02, 6.675559234619140625e+01, -5.243460083007812500e+01
4.183249664306640625e+01, 1.085532913208007812e+02, 6.774011230468750000e+01, -5.308134078979492188e+01
4.185301971435546875e+01, 1.085474548339843750e+02, 6.793578338623046875e+01, -5.087311935424804688e+01
4.189466857910156250e+01, 1.085575332641601562e+02, 6.591481018066406250e+01, -5.207831573486328125e+01
4.189773559570312500e+01, 1.085426559448242188e+02, 6.631556701660156250e+01, -4.997534179687500000e+01
4.189590835571289062e+01, 1.085364303588867188e+02, 6.725229644775390625e+01, -5.074087905883789062e+01
4.190690231323242188e+01, 1.085394744873046875e+02, 6.750398254394531250e+01, -4.842943572998046875e+01
4.191641998291015625e+01, 1.085421752929687500e+02, 6.851312255859375000e+01, -4.938929748535156250e+01
4.193053436279296875e+01, 1.085612564086914062e+02, 6.640060424804687500e+01, -5.081093215942382812e+01
4.194642639160156250e+01, 1.085586395263671875e+02, 6.739458465576171875e+01, -5.153473663330078125e+01
4.194927978515625000e+01, 1.085525360107421875e+02, 6.835823822021484375e+01, -5.224721145629882812e+01
4.198099517822265625e+01, 1.085718612670898438e+02, 6.860240936279296875e+01, -4.992904663085937500e+01
4.201266098022460938e+01, 1.085734786987304688e+02, 6.645287322998046875e+01, -5.121747589111328125e+01
4.204185867309570312e+01, 1.085575485229492188e+02, 6.454359436035156250e+01, -5.220215606689453125e+01
4.204483032226562500e+01, 1.085505905151367188e+02, 6.538156127929687500e+01, -5.264895248413085938e+01
4.205051803588867188e+01, 1.085533752441406250e+02, 6.367269897460937500e+01, -5.084943008422851562e+01
4.205968856811523438e+01, 1.085630950927734375e+02, 6.457237243652343750e+01, -5.147472000122070312e+01
4.208485031127929688e+01, 1.085507125854492188e+02, 6.542158508300781250e+01, -5.204018783569335938e+01
4.209274673461914062e+01, 1.085395126342773438e+02, 6.373419189453125000e+01, -5.284521865844726562e+01
4.212408065795898438e+01, 1.085411834716796875e+02, 6.452397918701171875e+01, -5.328648757934570312e+01
4.213654327392578125e+01, 1.085516891479492188e+02, 6.489227294921875000e+01, -5.109611511230468750e+01
4.217570495605468750e+01, 1.085503768920898438e+02, 6.299977111816406250e+01, -5.205119323730468750e+01
4.220265960693359375e+01, 1.085516738891601562e+02, 6.378627395629882812e+01, -5.251015090942382812e+01
4.222804641723632812e+01, 1.085569000244140625e+02, 6.414719390869140625e+01, -5.035943222045898438e+01
4.223089599609375000e+01, 1.085472183227539062e+02, 6.496125030517578125e+01, -5.098917770385742188e+01
4.222186660766601562e+01, 1.085323944091796875e+02, 6.527057647705078125e+01, -4.859664916992187500e+01
4.222839736938476562e+01, 1.085274429321289062e+02, 6.624873352050781250e+01, -4.952695083618164062e+01
4.222507476806640625e+01, 1.085269546508789062e+02, 6.442753601074218750e+01, -4.774322509765625000e+01
4.222756576538085938e+01, 1.085142288208007812e+02, 6.473925781250000000e+01, -4.510224914550781250e+01
4.224365997314453125e+01, 1.085032730102539062e+02, 6.278989791870117188e+01, -4.693524551391601562e+01
4.226292037963867188e+01, 1.085036010742187500e+02, 6.094298171997070312e+01, -4.512267303466796875e+01
4.227315139770507812e+01, 1.085019760131835938e+02, 5.904924011230468750e+01, -4.329919815063476562e+01
4.226868057250976562e+01, 1.084888916015625000e+02, 5.720299148559570312e+01, -4.521425247192382812e+01
4.226002120971679688e+01, 1.084673385620117188e+02, 5.535893630981445312e+01, -4.698749923706054688e+01
4.224867630004882812e+01, 1.084572753906250000e+02, 5.646068954467773438e+01, -4.795709228515625000e+01
4.224811172485351562e+01, 1.084490737915039062e+02, 5.752018356323242188e+01, -4.884288024902343750e+01
4.226390075683593750e+01, 1.084402008056640625e+02, 5.849808883666992188e+01, -4.966757583618164062e+01
4.228673934936523438e+01, 1.084287719726562500e+02, 5.944711303710937500e+01, -5.036479568481445312e+01
4.229932403564453125e+01, 1.084286804199218750e+02, 6.029327011108398438e+01, -5.098524093627929688e+01
4.230167770385742188e+01, 1.084178924560546875e+02, 6.111812973022460938e+01, -5.156476593017578125e+01
4.234354019165039062e+01, 1.083955688476562500e+02, 6.166664123535156250e+01, -4.942985153198242188e+01
4.236322784423828125e+01, 1.083755416870117188e+02, 6.000999069213867188e+01, -5.069968414306640625e+01
4.238289642333984375e+01, 1.083817596435546875e+02, 6.053344726562500000e+01, -4.860383605957031250e+01
4.241230392456054688e+01, 1.083795776367187500e+02, 6.155394744873046875e+01, -4.944336318969726562e+01
4.240401840209960938e+01, 1.083696746826171875e+02, 6.241994857788085938e+01, -5.010550308227539062e+01
4.240320205688476562e+01, 1.083422546386718750e+02, 6.260900115966796875e+01, -4.782554626464843750e+01
4.242024612426757812e+01, 1.083319244384765625e+02, 6.084866333007812500e+01, -4.924139404296875000e+01
4.243867492675781250e+01, 1.083424606323242188e+02, 6.125896453857421875e+01, -4.700338745117187500e+01
4.243630599975585938e+01, 1.083349609375000000e+02, 6.237368011474609375e+01, -4.809553527832031250e+01
4.244326782226562500e+01, 1.083435287475585938e+02, 6.338195800781250000e+01, -4.903498077392578125e+01
4.244708633422851562e+01, 1.083433609008789062e+02, 6.169849395751953125e+01, -5.021513366699218750e+01
4.247203826904296875e+01, 1.083347930908203125e+02, 6.220965194702148438e+01, -4.802204513549804688e+01
4.247947692871093750e+01, 1.083300933837890625e+02, 6.317437744140625000e+01, -4.892771530151367188e+01
4.248584365844726562e+01, 1.083291549682617188e+02, 6.132485198974609375e+01, -4.715686035156250000e+01
4.249417495727539062e+01, 1.083293991088867188e+02, 6.241468429565429688e+01, -4.827581787109375000e+01
4.249103164672851562e+01, 1.082952651977539062e+02, 6.275656509399414062e+01, -4.588734054565429688e+01
4.249259567260742188e+01, 1.082964172363281250e+02, 6.094193649291992188e+01, -4.412163925170898438e+01
4.250007629394531250e+01, 1.083041763305664062e+02, 5.907075500488281250e+01, -4.222091293334960938e+01
4.251280975341796875e+01, 1.083096313476562500e+02, 5.713367462158203125e+01, -4.421506500244140625e+01
4.251417541503906250e+01, 1.083215560913085938e+02, 5.768748474121093750e+01, -4.160078430175781250e+01
4.253437042236328125e+01, 1.083246231079101562e+02, 5.575156021118164062e+01, -3.963858032226562500e+01
4.253505325317382812e+01, 1.083207168579101562e+02, 5.697407913208007812e+01, -4.106786727905273438e+01
4.254005813598632812e+01, 1.083149566650390625e+02, 5.508168029785156250e+01, -3.912226486206054688e+01
4.255015182495117188e+01, 1.083112030029296875e+02, 5.314448928833007812e+01, -3.709410095214843750e+01
4.255323410034179688e+01, 1.083101043701171875e+02, 5.133838653564453125e+01, -3.525896072387695312e+01
4.257085800170898438e+01, 1.083111572265625000e+02, 4.984669494628906250e+01, -3.381413650512695312e+01
4.257257461547851562e+01, 1.082999343872070312e+02, 4.796811676025390625e+01, -3.579018783569335938e+01
4.259067535400390625e+01, 1.083059539794921875e+02, 4.653620147705078125e+01, -3.419160842895507812e+01
4.258569335937500000e+01, 1.083065185546875000e+02, 4.539749526977539062e+01, -3.294685745239257812e+01
4.258359527587890625e+01, 1.082887802124023438e+02, 4.371530532836914062e+01, -3.482698822021484375e+01
4.259414291381835938e+01, 1.082887878417968750e+02, 4.268462371826171875e+01, -3.349621200561523438e+01
4.263769912719726562e+01, 1.082851257324218750e+02, 4.124501419067382812e+01, -3.528831481933593750e+01
4.266878509521484375e+01, 1.082900390625000000e+02, 3.986374664306640625e+01, -3.718015670776367188e+01
4.266953277587890625e+01, 1.082704849243164062e+02, 3.857856369018554688e+01, -3.899626541137695312e+01
4.271043014526367188e+01, 1.082755813598632812e+02, 3.737022781372070312e+01, -4.066119003295898438e+01
4.273411560058593750e+01, 1.082530746459960938e+02, 3.640196990966796875e+01, -4.206853485107421875e+01
4.279608535766601562e+01, 1.082751541137695312e+02, 3.536577987670898438e+01, -4.347700119018554688e+01
4.279883956909179688e+01, 1.082817764282226562e+02, 3.616660308837890625e+01, -4.113309860229492188e+01
4.281423950195312500e+01, 1.082850189208984375e+02, 3.427733230590820312e+01, -3.867314910888671875e+01
4.285711669921875000e+01, 1.082868194580078125e+02, 3.372375488281250000e+01, -3.986697006225585938e+01
4.287800216674804688e+01, 1.082845382690429688e+02, 3.314005279541015625e+01, -4.096023941040039062e+01
4.295934677124023438e+01, 1.082648773193359375e+02, 3.252622985839843750e+01, -4.203840255737304688e+01
4.299111557006835938e+01, 1.082186508178710938e+02, 3.212215042114257812e+01, -4.293222427368164062e+01
4.312598419189453125e+01, 1.081950531005859375e+02, 3.179080772399902344e+01, -4.378687286376953125e+01
4.324341583251953125e+01, 1.081763153076171875e+02, 3.155640029907226562e+01, -4.456012344360351562e+01
4.331976318359375000e+01, 1.081940460205078125e+02, 3.116008949279785156e+01, -4.532033157348632812e+01
4.331904220581054688e+01, 1.082066421508789062e+02, 3.202003479003906250e+01, -4.319852447509765625e+01
4.344137573242187500e+01, 1.081672058105468750e+02, 3.146444892883300781e+01, -4.407633590698242188e+01
4.350094604492187500e+01, 1.081263504028320312e+02, 3.127455139160156250e+01, -4.472045135498046875e+01
4.358858489990234375e+01, 1.081151885986328125e+02, 3.093654632568359375e+01, -4.533605194091796875e+01
4.362624359130859375e+01, 1.081192169189453125e+02, 2.912468338012695312e+01, -4.229006195068359375e+01
4.371096420288085938e+01, 1.081019134521484375e+02, 2.892109680175781250e+01, -4.294847106933593750e+01
4.379866027832031250e+01, 1.080892028808593750e+02, 2.869167709350585938e+01, -4.349892044067382812e+01
4.393077850341796875e+01, 1.080717544555664062e+02, 2.847292709350585938e+01, -4.398424530029296875e+01
4.401967239379882812e+01, 1.080401306152343750e+02, 2.827908134460449219e+01, -4.454336929321289062e+01
4.408333969116210938e+01, 1.080016860961914062e+02, 2.796415901184082031e+01, -4.499035263061523438e+01
4.407424163818359375e+01, 1.080093536376953125e+02, 2.894279861450195312e+01, -4.303067398071289062e+01
4.417522430419921875e+01, 1.079794540405273438e+02, 2.876313972473144531e+01, -4.362522888183593750e+01
4.420174407958984375e+01, 1.079797592163085938e+02, 2.713827133178710938e+01, -4.082043457031250000e+01
4.428409194946289062e+01, 1.079778213500976562e+02, 2.695924377441406250e+01, -4.119881439208984375e+01
4.437327575683593750e+01, 1.079653091430664062e+02, 2.681353378295898438e+01, -4.154866409301757812e+01
4.445688629150390625e+01, 1.079313583374023438e+02, 2.657505989074707031e+01, -4.193143081665039062e+01
4.450713729858398438e+01, 1.079229431152343750e+02, 2.645040893554687500e+01, -4.226599502563476562e+01
4.461019515991210938e+01, 1.079240951538085938e+02, 2.637426567077636719e+01, -4.266319274902343750e+01
4.472724533081054688e+01, 1.079183959960937500e+02, 2.612675476074218750e+01, -4.301486587524414062e+01
4.479885482788085938e+01, 1.079024047851562500e+02, 2.605044746398925781e+01, -4.317435073852539062e+01
4.487210083007812500e+01, 1.078698730468750000e+02, 2.593942260742187500e+01, -4.352262878417968750e+01
4.493753051757812500e+01, 1.078506088256835938e+02, 2.591953849792480469e+01, -4.383740615844726562e+01
4.508013153076171875e+01, 1.078502578735351562e+02, 2.578335380554199219e+01, -4.411611557006835938e+01
4.515647888183593750e+01, 1.078216629028320312e+02, 2.569917869567871094e+01, -4.438226318359375000e+01
4.525812911987304688e+01, 1.078070373535156250e+02, 2.575420188903808594e+01, -4.457295989990234375e+01
4.535146331787109375e+01, 1.077733688354492188e+02, 2.580178833007812500e+01, -4.475559997558593750e+01
4.545641326904296875e+01, 1.077407226562500000e+02, 2.577979278564453125e+01, -4.493481063842773438e+01
4.552622985839843750e+01, 1.077065429687500000e+02, 2.571761322021484375e+01, -4.512878036499023438e+01
4.557691955566406250e+01, 1.076788558959960938e+02, 2.573412513732910156e+01, -4.536497497558593750e+01
4.567438125610351562e+01, 1.076724090576171875e+02, 2.553579711914062500e+01, -4.556600952148437500e+01
4.571907806396484375e+01, 1.076740798950195312e+02, 2.434624862670898438e+01, -4.265725326538085938e+01
4.584621429443359375e+01, 1.076709213256835938e+02, 2.435184860229492188e+01, -4.289231872558593750e+01
4.596620559692382812e+01, 1.076126556396484375e+02, 2.423686790466308594e+01, -4.303169250488281250e+01
4.612761306762695312e+01, 1.075885162353515625e+02, 2.404881095886230469e+01, -4.324363708496093750e+01
4.623687744140625000e+01, 1.075984878540039062e+02, 2.411686706542968750e+01, -4.345161437988281250e+01
4.635981750488281250e+01, 1.075985412597656250e+02, 2.411056900024414062e+01, -4.356990814208984375e+01
4.642863845825195312e+01, 1.075663681030273438e+02, 2.412164497375488281e+01, -4.372967529296875000e+01
4.650263595581054688e+01, 1.075111541748046875e+02, 2.409626579284667969e+01, -4.391360092163085938e+01
4.658845901489257812e+01, 1.075137786865234375e+02, 2.411646080017089844e+01, -4.415677261352539062e+01
4.671242904663085938e+01, 1.074843826293945312e+02, 2.419089508056640625e+01, -4.431239700317382812e+01
4.684433746337890625e+01, 1.074776535034179688e+02, 2.411804580688476562e+01, -4.453766250610351562e+01
4.693807601928710938e+01, 1.074510574340820312e+02, 2.411264038085937500e+01, -4.472969436645507812e+01
4.707505416870117188e+01, 1.074062042236328125e+02, 2.395949935913085938e+01, -4.501399230957031250e+01
4.707430648803710938e+01, 1.074057769775390625e+02, 2.518995285034179688e+01, -4.310750579833984375e+01
4.714978027343750000e+01, 1.073936157226562500e+02, 2.515003776550292969e+01, -4.341340255737304688e+01
4.729768753051757812e+01, 1.073721618652343750e+02, 2.517813110351562500e+01, -4.366481399536132812e+01
4.741040039062500000e+01, 1.073702163696289062e+02, 2.508791923522949219e+01, -4.386590957641601562e+01
4.750604248046875000e+01, 1.073474044799804688e+02, 2.507312011718750000e+01, -4.416003417968750000e+01
4.748761749267578125e+01, 1.073555984497070312e+02, 2.628687095642089844e+01, -4.220831680297851562e+01
4.761214065551757812e+01, 1.073069381713867188e+02, 2.601194190979003906e+01, -4.251352691650390625e+01
4.765643692016601562e+01, 1.072972793579101562e+02, 2.591367912292480469e+01, -4.291763687133789062e+01
4.767481613159179688e+01, 1.072991638183593750e+02, 2.716079330444335938e+01, -4.086670303344726562e+01
4.783710861206054688e+01, 1.072897567749023438e+02, 2.694572067260742188e+01, -4.122691726684570312e+01
4.795712661743164062e+01, 1.072611846923828125e+02, 2.679797172546386719e+01, -4.157706069946289062e+01
4.810547256469726562e+01, 1.072445220947265625e+02, 2.674732971191406250e+01, -4.196971511840820312e+01
4.818207931518554688e+01, 1.072184829711914062e+02, 2.670460510253906250e+01, -4.236252975463867188e+01
4.831473159790039062e+01, 1.072211837768554688e+02, 2.670189857482910156e+01, -4.256403350830078125e+01
4.845411300659179688e+01, 1.071908340454101562e+02, 2.655980682373046875e+01, -4.289724349975585938e+01
4.847002029418945312e+01, 1.071748886108398438e+02, 2.797255325317382812e+01, -4.086550903320312500e+01
4.860295486450195312e+01, 1.071626968383789062e+02, 2.769935417175292969e+01, -4.131712341308593750e+01
4.864870071411132812e+01, 1.071557998657226562e+02, 2.739687156677246094e+01, -4.161322784423828125e+01
4.878767395019531250e+01, 1.071284637451171875e+02, 2.718670654296875000e+01, -4.189118957519531250e+01
4.890056991577148438e+01, 1.071196060180664062e+02, 2.689716339111328125e+01, -4.222815704345703125e+01
4.897790145874023438e+01, 1.071149139404296875e+02, 2.676717567443847656e+01, -4.256117248535156250e+01
4.909908676147460938e+01, 1.071057205200195312e+02, 2.664299201965332031e+01, -4.284564208984375000e+01
4.915599060058593750e+01, 1.071120071411132812e+02, 2.814953041076660156e+01, -4.085098266601562500e+01
4.929335021972656250e+01, 1.070890121459960938e+02, 2.797503280639648438e+01, -4.126351928710937500e+01
4.944566345214843750e+01, 1.070498733520507812e+02, 2.782860565185546875e+01, -4.164767456054687500e+01
4.955968856811523438e+01, 1.070398864746093750e+02, 2.771768188476562500e+01, -4.198378753662109375e+01
4.969015884399414062e+01, 1.070068664550781250e+02, 2.760523414611816406e+01, -4.232574844360351562e+01
4.978651046752929688e+01, 1.069700622558593750e+02, 2.748620414733886719e+01, -4.266761779785156250e+01
4.978048706054687500e+01, 1.069636688232421875e+02, 2.868893241882324219e+01, -4.051578521728515625e+01
4.992255401611328125e+01, 1.069448089599609375e+02, 2.846377372741699219e+01, -4.094414520263671875e+01
5.003720474243164062e+01, 1.069057693481445312e+02, 2.847036552429199219e+01, -4.129964065551757812e+01
5.016490554809570312e+01, 1.069027938842773438e+02, 2.824421501159667969e+01, -4.174278640747070312e+01
5.028481674194335938e+01, 1.068824996948242188e+02, 2.804693603515625000e+01, -4.213686370849609375e+01
5.041809082031250000e+01, 1.068274002075195312e+02, 2.777958297729492188e+01, -4.256471252441406250e+01
5.058567810058593750e+01, 1.068093261718750000e+02, 2.745297431945800781e+01, -4.298961639404296875e+01
5.068082427978515625e+01, 1.067862930297851562e+02, 2.728129005432128906e+01, -4.332983398437500000e+01
5.078911209106445312e+01, 1.067595825195312500e+02, 2.687962341308593750e+01, -4.364935684204101562e+01
5.087491226196289062e+01, 1.067324295043945312e+02, 2.668958091735839844e+01, -4.404415893554687500e+01
5.095265579223632812e+01, 1.067151794433593750e+02, 2.635475158691406250e+01, -4.439940261840820312e+01
5.106079864501953125e+01, 1.066785354614257812e+02, 2.627977180480957031e+01, -4.472822570800781250e+01
5.102847671508789062e+01, 1.066675109863281250e+02, 2.745282554626464844e+01, -4.274626541137695312e+01
5.117450332641601562e+01, 1.066738510131835938e+02, 2.737639808654785156e+01, -4.321582412719726562e+01
5.129250717163085938e+01, 1.066468276977539062e+02, 2.724854660034179688e+01, -4.362100219726562500e+01
5.141008377075195312e+01, 1.066352462768554688e+02, 2.710629844665527344e+01, -4.403416061401367188e+01
5.148727798461914062e+01, 1.066083068847656250e+02, 2.685288810729980469e+01, -4.436504364013671875e+01
5.158396911621093750e+01, 1.065641098022460938e+02, 2.657369422912597656e+01, -4.459804916381835938e+01
5.168714523315429688e+01, 1.065145111083984375e+02, 2.645588493347167969e+01, -4.495084762573242188e+01
5.176008605957031250e+01, 1.064697036743164062e+02, 2.631858634948730469e+01, -4.526993179321289062e+01
5.189202117919921875e+01, 1.064575653076171875e+02, 2.606471443176269531e+01, -4.553757858276367188e+01
5.194961929321289062e+01, 1.064326019287109375e+02, 2.595121002197265625e+01, -4.587609100341796875e+01
5.196680831909179688e+01, 1.064246368408203125e+02, 2.732094955444335938e+01, -4.378117752075195312e+01
5.202447891235351562e+01, 1.064138717651367188e+02, 2.645369529724121094e+01, -4.099541473388671875e+01
5.208340072631835938e+01, 1.064077606201171875e+02, 2.569949722290039062e+01, -3.840542602539062500e+01
5.211349487304687500e+01, 1.064106674194335938e+02, 2.496072578430175781e+01, -3.601704025268554688e+01
5.215470886230468750e+01, 1.064118041992187500e+02, 2.641952323913574219e+01, -3.400052642822265625e+01
5.220119857788085938e+01, 1.064070281982421875e+02, 2.594498634338378906e+01, -3.235469055175781250e+01
5.221664428710937500e+01, 1.063996810913085938e+02, 2.553582572937011719e+01, -3.082988357543945312e+01
5.214558792114257812e+01, 1.063958740234375000e+02, 2.623221015930175781e+01, -2.987016677856445312e+01
5.216490554809570312e+01, 1.063809204101562500e+02, 2.580378341674804688e+01, -2.876340103149414062e+01
5.218108749389648438e+01, 1.063732528686523438e+02, 2.538268470764160156e+01, -2.772785186767578125e+01
5.221603012084960938e+01, 1.063715286254882812e+02, 2.492696762084960938e+01, -2.662202262878417969e+01
5.224920272827148438e+01, 1.063684844970703125e+02, 2.456876754760742188e+01, -2.567020606994628906e+01
5.226542282104492188e+01, 1.063686141967773438e+02, 2.424018859863281250e+01, -2.476296806335449219e+01
5.228712844848632812e+01, 1.063672409057617188e+02, 2.371758651733398438e+01, -2.391996002197265625e+01
5.231562423706054688e+01, 1.063760757446289062e+02, 2.330575752258300781e+01, -2.315599250793457031e+01
5.234922027587890625e+01, 1.063718643188476562e+02, 2.289463806152343750e+01, -2.239233207702636719e+01
5.237998962402343750e+01, 1.063766098022460938e+02, 2.256102943420410156e+01, -2.166955947875976562e+01
5.242951202392578125e+01, 1.063895034790039062e+02, 2.225384330749511719e+01, -2.095276832580566406e+01
5.244604873657226562e+01, 1.063914642333984375e+02, 2.195570564270019531e+01, -2.035742378234863281e+01
5.248541641235351562e+01, 1.063922348022460938e+02, 2.162521171569824219e+01, -1.977555465698242188e+01
5.252904129028320312e+01, 1.063916244506835938e+02, 2.135680198669433594e+01, -1.917453765869140625e+01
5.255844497680664062e+01, 1.063950805664062500e+02, 2.102906608581542969e+01, -1.854158782958984375e+01
5.258906555175781250e+01, 1.064034805297851562e+02, 2.086900901794433594e+01, -1.797119712829589844e+01
5.260306930541992188e+01, 1.064026260375976562e+02, 2.064900016784667969e+01, -1.742345237731933594e+01
5.263483810424804688e+01, 1.064080810546875000e+02, 2.039336776733398438e+01, -1.690403366088867188e+01
5.268942642211914062e+01, 1.064173278808593750e+02, 2.010217285156250000e+01, -1.639313507080078125e+01
5.273030853271484375e+01, 1.064183959960937500e+02, 1.982341766357421875e+01, -1.594174480438232422e+01
5.276330184936523438e+01, 1.064261779785156250e+02, 1.952932929992675781e+01, -1.545643520355224609e+01
5.278822708129882812e+01, 1.064321670532226562e+02, 1.935940551757812500e+01, -1.497018909454345703e+01
5.283292007446289062e+01, 1.064494628906250000e+02, 1.913238143920898438e+01, -1.454221057891845703e+01
5.287033081054687500e+01, 1.064741744995117188e+02, 1.896685409545898438e+01, -1.417671871185302734e+01
